0.000000 0.000000 0.750000 0.000000 -0.000000 0.000000 1757224577.016968
0.000000 0.000000 0.750000 0.000000 -0.000000 0.000000 1757224578.011973
0.000000 0.000000 0.750000 0.000000 -0.000000 0.000000 1757224579.026967
0.000000 0.000000 0.750000 0.000000 -0.000000 0.000000 1757224580.036938
0.000000 0.000000 0.750000 0.000000 -0.000000 0.000000 1757224581.029981
0.000000 0.000000 0.750000 0.000000 -0.000000 0.000000 1757224582.019976
0.000000 0.000000 0.750000 0.000000 -0.000000 0.000000 1757224583.034976
0.000000 0.000000 0.750000 0.000000 -0.000000 0.000000 1757224584.029982
0.000000 0.000000 0.750000 0.000000 -0.000000 0.000000 1757224585.029980
0.000000 0.000000 0.750000 0.000000 -0.000000 0.000000 1757224586.019977
0.000000 0.000000 0.750000 0.000000 -0.000000 0.000000 1757224587.039976
0.000000 0.000000 0.750000 0.000000 -0.000000 0.000000 1757224588.051025
0.000000 0.000000 0.750000 0.000000 -0.000000 0.000000 1757224589.016026
0.000000 0.000000 0.750000 0.000000 -0.000000 0.000000 1757224590.016022
0.000000 0.000000 0.750000 0.000000 -0.000000 0.000000 1757224591.006030
0.000000 0.000000 0.750000 0.000000 -0.000000 0.000000 1757224592.010976
0.000000 0.000000 0.750000 0.000000 -0.000000 0.000000 1757224593.025993
0.000000 0.000000 0.750000 0.000000 -0.000000 0.000000 1757224594.015989
0.000000 0.000000 0.750000 0.000000 -0.000000 0.000000 1757224595.025993
0.000000 0.000000 0.750000 0.000000 -0.000000 0.000000 1757224596.025996
0.000000 0.000000 0.750000 0.000000 -0.000000 0.000000 1757224597.040986
0.000000 0.000000 0.750000 0.000000 -0.000000 0.000000 1757224598.041042
0.000000 0.000000 0.750000 0.000000 -0.000000 0.000000 1757224599.026049
0.000000 0.000000 0.750000 0.000000 -0.000000 0.000000 1757224600.021974
0.000000 0.000000 0.750000 0.000000 -0.000000 0.000000 1757224601.021974
0.000000 0.000000 0.750000 0.000000 -0.000000 0.000000 1757224602.021974
0.000000 0.000000 0.750000 0.000000 -0.000000 0.000000 1757224603.006978
0.000000 0.000000 0.750000 0.000000 -0.000000 0.000000 1757224604.036973
0.000000 0.000000 0.750000 0.000000 -0.000000 0.000000 1757224605.005008
0.000000 0.000000 0.750000 0.000000 -0.000000 0.000000 1757224606.028015
0.000000 0.000000 0.750000 0.000000 -0.000000 0.000000 1757224607.008009
0.000000 0.000000 0.750000 0.000000 -0.000000 0.000000 1757224608.008008
0.000000 0.000000 0.750000 0.000000 -0.000000 0.000000 1757224609.033974
0.000000 0.000000 0.750000 0.000000 -0.000000 0.000000 1757224610.023965
0.000000 0.000000 0.750000 0.000000 -0.000000 0.000000 1757224611.028967
0.000000 0.000000 0.750000 0.000000 -0.000000 0.000000 1757224612.003965
0.000000 0.000000 0.750000 0.000000 -0.000000 0.000000 1757224613.038976
0.000000 0.000000 0.750000 0.000000 -0.000000 0.000000 1757224614.028968
0.000000 0.000000 0.750000 0.000000 -0.000000 0.000000 1757224615.031991
0.000000 0.000000 0.750000 0.000000 -0.000000 0.000000 1757224616.031996
0.000000 0.000000 0.750000 0.000000 -0.000000 0.000000 1757224617.021991
0.000000 0.000000 0.750000 0.000000 -0.000000 0.000000 1757224618.011993
0.000000 0.000000 0.750000 0.000000 -0.000000 0.000000 1757224619.047997
0.000000 0.000000 0.750000 0.000000 -0.000000 0.000000 1757224620.037994
0.000000 0.000000 0.750000 0.000000 -0.000000 0.000000 1757224621.038214
0.000000 0.000000 0.750000 0.000000 -0.000000 0.000000 1757224622.027997
0.000000 0.000000 0.750000 0.000000 -0.000000 0.000000 1757224623.032116
0.000000 0.000000 0.750000 0.000000 -0.000000 0.000000 1757224624.032151
0.000000 0.000000 0.750000 0.000000 -0.000000 0.000000 1757224625.027120
0.000000 0.000000 0.750000 0.000000 -0.000000 0.000000 1757224626.027123
0.000000 0.000000 0.750000 0.000000 -0.000000 0.000000 1757224627.027119
0.000000 0.000000 0.750000 0.000000 -0.000000 0.000000 1757224628.022117
0.000000 0.000000 0.750000 0.000000 -0.000000 0.000000 1757224629.036949
0.000000 0.000000 0.750000 0.000000 -0.000000 0.000000 1757224630.038980
0.000000 0.000000 0.750000 0.000000 -0.000000 0.000000 1757224631.038012
0.000000 0.000000 0.750000 0.000000 -0.000000 0.000000 1757224632.022984
0.000000 0.000000 0.750000 0.000000 -0.000000 0.000000 1757224633.042979
0.000000 0.000000 0.750000 0.000000 -0.000000 0.000000 1757224634.017883
0.000000 0.000000 0.750000 0.000000 -0.000000 0.000000 1757224635.044885
0.000000 0.000000 0.750000 0.000000 -0.000000 0.000000 1757224636.017884
0.000000 0.000000 0.750000 0.000000 -0.000000 0.000000 1757224637.010969
0.000000 0.000000 0.750000 0.000000 -0.000000 0.000000 1757224638.010971
0.000000 0.000000 0.750000 0.000000 -0.000000 0.000000 1757224639.047155
0.000000 0.000000 0.750000 0.000000 -0.000000 0.000000 1757224640.050000
0.000000 0.000000 0.750000 0.000000 -0.000000 0.000000 1757224641.017964
0.000000 0.000000 0.750000 0.000000 -0.000000 0.000000 1757224642.008060
0.000000 0.000000 0.750000 0.000000 -0.000000 0.000000 1757224643.023063
0.000000 0.000000 0.750000 0.000000 -0.000000 0.000000 1757224644.018063
0.000000 0.000000 0.750000 0.000000 -0.000000 0.000000 1757224645.013065
0.000000 0.000000 0.750000 0.000000 -0.000000 0.000000 1757224646.038064
0.000000 0.000000 0.750000 0.000000 -0.000000 0.000000 1757224647.006969
0.000000 0.000000 0.750000 0.000000 -0.000000 0.000000 1757224648.023095
0.000000 0.000000 0.750000 0.000000 -0.000000 0.000000 1757224649.028105
0.000000 0.000000 0.750000 0.000000 -0.000000 0.000000 1757224650.033096
0.000000 0.000000 0.750000 0.000000 -0.000000 0.000000 1757224651.038097
0.000000 0.000000 0.750000 0.000000 -0.000000 0.000000 1757224652.023095
0.000000 0.000000 0.750000 0.000000 -0.000000 0.000000 1757224653.023095
0.000000 0.000000 0.750000 0.000000 -0.000000 0.000000 1757224654.018098
0.000000 0.000000 0.750000 0.000000 -0.000000 0.000000 1757224655.018976
0.000000 0.000000 0.750000 0.000000 -0.000000 0.000000 1757224656.050316
0.000000 0.000000 0.750000 0.000000 -0.000000 0.000000 1757224657.039383
0.000000 0.000000 0.750000 0.000000 -0.000000 0.000000 1757224658.006981
0.000000 0.000000 0.750000 0.000000 -0.000000 0.000000 1757224659.003306
0.000000 0.000000 0.750000 0.000000 -0.000000 0.000000 1757224660.008306
0.000000 0.000000 0.750000 0.000000 -0.000000 0.000000 1757224661.008305
0.000000 0.000000 0.750000 0.000000 -0.000000 0.000000 1757224662.008305
0.000000 0.000000 0.750000 0.000000 -0.000000 0.000000 1757224663.026075
0.000000 0.000000 0.750000 0.000000 -0.000000 0.000000 1757224664.032938
0.000000 0.000000 0.750000 0.000000 -0.000000 0.000000 1757224665.035010
0.000000 0.000000 0.750000 0.000000 -0.000000 0.000000 1757224666.015038
0.000000 0.000000 0.750000 0.000000 -0.000000 0.000000 1757224667.018989
0.000000 0.000000 0.750000 0.000000 -0.000000 0.000000 1757224668.011989
0.000000 0.000000 0.750000 0.000000 -0.000000 0.000000 1757224669.011989
0.000000 0.000000 0.750000 0.000000 -0.000000 0.000000 1757224670.026991
0.000000 0.000000 0.750000 0.000000 -0.000000 0.000000 1757224671.041994
0.000000 0.000000 0.750000 0.000000 -0.000000 0.000000 1757224672.031988
0.000000 0.000000 0.750000 0.000000 -0.000000 0.000000 1757224673.041992
0.000000 0.000000 0.750000 0.000000 -0.000000 0.000000 1757224674.002000
0.000000 0.000000 0.750000 0.000000 -0.000000 0.000000 1757224675.006989
0.000000 0.000000 0.750000 0.000000 -0.000000 0.000000 1757224676.031987
0.000000 0.000000 0.750000 0.000000 -0.000000 0.000000 1757224677.046987
0.000000 0.000000 0.750000 0.000000 -0.000000 0.000000 1757224678.041991
0.000000 0.000000 0.750000 0.000000 -0.000000 0.000000 1757224679.036106
0.000000 0.000000 0.750000 0.000000 -0.000000 0.000000 1757224680.031130
0.000000 0.000000 0.750000 0.000000 -0.000000 0.000000 1757224681.016129
0.000000 0.000000 0.750000 0.000000 -0.000000 0.000000 1757224682.045981
0.000000 0.000000 0.750000 0.000000 -0.000000 0.000000 1757224683.041817
0.000000 0.000000 0.750000 0.000000 -0.000000 0.000000 1757224684.001266
0.000000 0.000000 0.750000 0.000000 -0.000000 0.000000 1757224685.023029
0.000000 0.000000 0.750000 0.000000 -0.000000 0.000000 1757224686.028029
0.000000 0.000000 0.750000 0.000000 -0.000000 0.000000 1757224687.038157
0.000000 0.000000 0.750000 0.000000 -0.000000 0.000000 1757224688.039054
0.000000 0.000000 0.750000 0.000000 -0.000000 0.000000 1757224689.037958
0.000000 0.000000 0.750000 0.000000 -0.000000 0.000000 1757224690.045537
0.000000 0.000000 0.750000 0.000000 -0.000000 0.000000 1757224691.030530
0.000000 0.000000 0.750000 0.000000 -0.000000 0.000000 1757224692.044900
0.000000 0.000000 0.750000 0.000000 -0.000000 0.000000 1757224693.042244
0.000000 0.000000 0.750000 0.000000 -0.000000 0.000000 1757224694.047245
0.000000 0.000000 0.750000 0.000000 -0.000000 0.000000 1757224695.031988
0.000000 0.000000 0.750000 0.000000 -0.000000 0.000000 1757224696.017988
0.000000 0.000000 0.750000 0.000000 -0.000000 0.000000 1757224697.010250
0.000000 0.000000 0.750000 0.000000 -0.000000 0.000000 1757224698.010512
0.000000 0.000000 0.750000 0.000000 -0.000000 0.000000 1757224699.005805
0.000000 0.000000 0.750000 0.000000 -0.000000 0.000000 1757224700.017042
0.000000 0.000000 0.750000 0.000000 -0.000000 0.000000 1757224701.004133
0.000000 0.000000 0.750000 0.000000 -0.000000 0.000000 1757224702.035006
0.000000 0.000000 0.750000 0.000000 -0.000000 0.000000 1757224703.026103
0.000000 0.000000 0.750000 0.000000 -0.000000 0.000000 1757224704.031133
0.000000 0.000000 0.750000 0.000000 -0.000000 0.000000 1757224705.025821
0.000000 0.000000 0.750000 0.000000 -0.000000 0.000000 1757224706.036011
0.000000 0.000000 0.750000 0.000000 -0.000000 0.000000 1757224707.032903
0.000000 0.000000 0.750000 0.000000 -0.000000 0.000000 1757224708.033984
0.000000 0.000000 0.750000 0.000000 -0.000000 0.000000 1757224709.003984
0.000000 0.000000 0.750000 0.000000 -0.000000 0.000000 1757224710.036922
0.000000 0.000000 0.750000 0.000000 -0.000000 0.000000 1757224711.000991
0.000000 0.000000 0.750000 0.000000 -0.000000 0.000000 1757224712.025989
0.000000 0.000000 0.750000 0.000000 -0.000000 0.000000 1757224713.030985
0.000000 0.000000 0.750000 0.000000 -0.000000 0.000000 1757224714.035984
0.000000 0.000000 0.750000 0.000000 -0.000000 0.000000 1757224715.010987
0.000000 0.000000 0.750000 0.000000 -0.000000 0.000000 1757224716.045992
0.000000 0.000000 0.750000 0.000000 -0.000000 0.000000 1757224717.012923
0.000000 0.000000 0.750000 0.000000 -0.000000 0.000000 1757224718.033069
0.000000 0.000000 0.750000 0.000000 -0.000000 0.000000 1757224719.023070
0.000000 0.000000 0.750000 0.000000 -0.000000 0.000000 1757224720.021190
0.000000 0.000000 0.750000 0.000000 -0.000000 0.000000 1757224721.020728
0.000000 0.000000 0.750000 0.000000 -0.000000 0.000000 1757224722.039026
0.000000 0.000000 0.750000 0.000000 -0.000000 0.000000 1757224723.019036
0.000000 0.000000 0.750000 0.000000 -0.000000 0.000000 1757224724.018978
0.000000 0.000000 0.750000 0.000000 -0.000000 0.000000 1757224725.022074
