0.000000 0.000000 0.750000 0.000000 -0.000000 0.000000 1757230206.261029
0.000000 0.000000 0.750000 0.000000 -0.000000 0.000000 1757230207.232983
0.000000 0.000000 0.750000 0.000000 -0.000000 0.000000 1757230208.272194
0.000000 0.000000 0.750000 0.000000 -0.000000 0.000000 1757230209.277709
0.000000 0.000000 0.750000 0.000000 -0.000000 0.000000 1757230210.241989
0.000000 0.000000 0.750000 0.000000 -0.000000 0.000000 1757230211.252033
0.000000 0.000000 0.750000 0.000000 -0.000000 0.000000 1757230212.246989
0.000000 0.000000 0.750000 0.000000 -0.000000 0.000000 1757230213.259725
0.000000 0.000000 0.750000 0.000000 -0.000000 0.000000 1757230214.248723
0.000000 0.000000 0.750000 0.000000 -0.000000 0.000000 1757230215.253721
0.000000 0.000000 0.750000 0.000000 -0.000000 0.000000 1757230216.248724
0.000000 0.000000 0.750000 0.000000 -0.000000 0.000000 1757230217.258720
0.000000 0.000000 0.750000 0.000000 -0.000000 0.000000 1757230218.243721
0.000000 0.000000 0.750000 0.000000 -0.000000 0.000000 1757230219.248743
0.000000 0.000000 0.750000 0.000000 -0.000000 0.000000 1757230220.238721
0.000000 0.000000 0.750000 0.000000 -0.000000 0.000000 1757230221.274669
0.000000 0.000000 0.750000 0.000000 -0.000000 0.000000 1757230222.263720
0.000000 0.000000 0.750000 0.000000 -0.000000 0.000000 1757230223.246000
0.000000 0.000000 0.750000 0.000000 -0.000000 0.000000 1757230224.250018
0.000000 0.000000 0.750000 0.000000 -0.000000 0.000000 1757230225.255153
0.000000 0.000000 0.750000 0.000000 -0.000000 0.000000 1757230226.254979
0.000000 0.000000 0.750000 0.000000 -0.000000 0.000000 1757230227.259984
0.000000 0.000000 0.750000 0.000000 -0.000000 0.000000 1757230228.267981
