0.000000 0.000000 0.750000 0.000000 -0.000000 0.000000 1757230247.006987
0.000000 0.000000 0.750000 0.000000 -0.000000 0.000000 1757230248.001993
0.000000 0.000000 0.750000 0.000000 -0.000000 0.000000 1757230249.041993
0.000000 0.000000 0.750000 0.000000 -0.000000 0.000000 1757230250.041989
0.000000 0.000000 0.750000 0.000000 -0.000000 0.000000 1757230251.026986
0.000000 0.000000 0.750000 0.000000 -0.000000 0.000000 1757230252.043839
0.000000 0.000000 0.750000 0.000000 -0.000000 0.000000 1757230252.999970
0.000000 0.000000 0.750000 0.000000 -0.000000 0.000000 1757230254.041145
0.000000 0.000000 0.750000 0.000000 -0.000000 0.000000 1757230255.018986
0.000000 0.000000 0.750000 0.000000 -0.000000 0.000000 1757230256.003002
0.000000 0.000000 0.750000 0.000000 0.000000 -0.055979 1757230256.997985
0.224962 -0.074037 0.750000 0.000000 0.000000 -0.393419 1757230258.006006
0.526089 -0.245982 0.750000 0.000000 0.000000 -0.570796 1757230259.036008
0.595137 -0.291132 0.750000 0.000000 0.000000 -0.592650 1757230260.036005
0.595137 -0.291132 0.750000 0.000000 0.000000 -0.593757 1757230261.026002
0.595137 -0.291132 0.750000 0.000000 0.000000 -0.593796 1757230262.020998
0.595137 -0.291132 0.750000 0.000000 0.000000 -0.593796 1757230262.996925
0.736603 -0.432549 0.750000 0.000000 0.000000 -0.825234 1757230264.014009
0.974236 -0.741185 0.750000 0.000000 0.000000 -0.994540 1757230265.032490
1.002134 -0.784948 0.750000 0.000000 0.000000 -1.021139 1757230266.036931
1.002134 -0.784948 0.750000 0.000000 0.000000 -1.022279 1757230266.991644
1.002134 -0.784948 0.750000 0.000000 0.000000 -1.022352 1757230268.040987
1.002134 -0.784948 0.750000 0.000000 0.000000 -1.022352 1757230269.039812
1.040300 -0.873347 0.750000 0.000000 0.000000 -1.188164 1757230270.004815
1.078233 -0.974296 0.750000 0.000000 0.000000 -1.243461 1757230271.039814
1.078233 -0.974296 0.750000 0.000000 0.000000 -1.246326 1757230272.035003
1.078233 -0.974296 0.750000 0.000000 0.000000 -1.246432 1757230273.034998
1.078233 -0.974296 0.750000 0.000000 0.000000 -1.246432 1757230274.048052
1.078233 -0.974296 0.750000 0.000000 0.000000 -1.246432 1757230275.038060
1.078233 -0.974296 0.750000 0.000000 0.000000 -1.400427 1757230276.038054
1.096095 -1.256861 0.750000 0.000000 0.000000 -1.540557 1757230277.038050
1.097753 -1.326890 0.750000 0.000000 0.000000 -1.558912 1757230278.018052
1.097753 -1.326890 0.750000 0.000000 0.000000 -1.559863 1757230279.008049
1.097753 -1.326890 0.750000 0.000000 0.000000 -1.559897 1757230280.003051
1.097753 -1.326890 0.750000 0.000000 0.000000 -1.559897 1757230281.028049
1.097753 -1.326890 0.750000 0.000000 0.000000 -1.559897 1757230282.032130
1.063874 -1.447594 0.750000 0.000000 0.000000 -1.877312 1757230283.009115
0.888838 -1.817835 0.750000 0.000000 0.000000 -2.110916 1757230284.008016
0.855698 -1.871942 0.750000 0.000000 0.000000 -2.143229 1757230285.018011
0.855698 -1.871942 0.750000 0.000000 0.000000 -2.144593 1757230286.043014
0.855698 -1.871942 0.750000 0.000000 0.000000 -2.144630 1757230287.002146
0.855698 -1.871942 0.750000 0.000000 0.000000 -2.144630 1757230288.040009
0.853741 -1.872333 0.750000 0.000000 0.000000 -2.081382 1757230289.041260
1.069036 -1.418345 0.750000 0.000000 0.000000 -1.949335 1757230290.003034
1.118789 -1.287222 0.750000 0.000000 0.000000 -1.914414 1757230291.001989
1.118789 -1.287222 0.750000 0.000000 0.000000 -1.911948 1757230292.022016
1.118789 -1.287222 0.750000 0.000000 0.000000 -1.911864 1757230293.021995
1.118789 -1.287222 0.750000 0.000000 0.000000 -1.911864 1757230294.021989
1.118789 -1.287222 0.750000 0.000000 0.000000 -1.911864 1757230295.016985
1.121501 -1.283081 0.750000 0.000000 0.000000 -2.157194 1757230296.038539
1.350691 -1.019481 0.750000 0.000000 0.000000 -2.426309 1757230297.028539
1.585753 -0.829325 0.750000 0.000000 0.000000 -2.491795 1757230298.038536
1.592924 -0.823886 0.750000 0.000000 0.000000 -2.499325 1757230299.008536
1.592924 -0.823886 0.750000 0.000000 0.000000 -2.499626 1757230300.004910
1.592924 -0.823886 0.750000 0.000000 0.000000 -2.499629 1757230301.002980
1.592924 -0.823886 0.750000 0.000000 0.000000 -2.457741 1757230302.024410
1.556499 -0.928567 0.750000 0.000000 0.000000 -1.885848 1757230303.059408
1.441679 -1.367726 0.750000 0.000000 0.000000 -1.767432 1757230304.004009
1.423695 -1.463246 0.750000 0.000000 0.000000 -1.741427 1757230305.039039
1.423695 -1.463246 0.750000 0.000000 0.000000 -1.740115 1757230306.030970
1.423695 -1.463246 0.750000 0.000000 0.000000 -1.740070 1757230307.015975
1.423695 -1.463246 0.750000 0.000000 0.000000 -1.740070 1757230308.005978
1.428771 -1.451879 0.750000 0.000000 0.000000 -1.999619 1757230309.015973
1.635774 -1.121146 0.750000 0.000000 0.000000 -2.267841 1757230310.034025
1.809937 -0.926407 0.750000 0.000000 0.000000 -2.329309 1757230311.035974
1.810350 -0.925971 0.750000 0.000000 0.000000 -2.335898 1757230312.030971
1.810350 -0.925971 0.750000 0.000000 0.000000 -2.336144 1757230313.005970
1.810350 -0.925971 0.750000 0.000000 0.000000 -2.336147 1757230314.041582
1.810350 -0.925971 0.750000 0.000000 0.000000 -2.336147 1757230315.026199
1.810350 -0.925971 0.750000 0.000000 0.000000 -2.021992 1757230316.016199
1.811826 -1.077141 0.750000 0.000000 0.000000 -1.537885 1757230317.016253
1.837067 -1.431516 0.750000 0.000000 0.000000 -1.465842 1757230318.023976
1.841105 -1.468798 0.750000 0.000000 0.000000 -1.455368 1757230319.013980
1.841105 -1.468798 0.750000 0.000000 0.000000 -1.454907 1757230320.034021
1.841105 -1.468798 0.750000 0.000000 0.000000 -1.454893 1757230321.023976
1.841105 -1.468798 0.750000 0.000000 0.000000 -1.454893 1757230322.034017
1.822751 -1.321892 0.750000 0.000000 0.000000 -1.458760 1757230323.045815
1.813207 -0.909018 0.750000 0.000000 0.000000 -1.633223 1757230324.033001
1.817439 -0.850973 0.750000 0.000000 0.000000 -1.662868 1757230325.037982
1.817439 -0.850973 0.750000 0.000000 0.000000 -1.664189 1757230326.037982
1.817439 -0.850973 0.750000 0.000000 0.000000 -1.664237 1757230327.037984
1.817439 -0.850973 0.750000 0.000000 0.000000 -1.664237 1757230328.032286
1.817439 -0.850973 0.750000 0.000000 0.000000 -1.664237 1757230329.007011
1.821041 -1.206613 0.750000 0.000000 0.000000 -1.517491 1757230330.000920
1.835776 -1.407512 0.750000 0.000000 0.000000 -1.477594 1757230331.014992
1.835776 -1.407512 0.750000 0.000000 0.000000 -1.474326 1757230332.003031
1.835776 -1.407512 0.750000 0.000000 0.000000 -1.474199 1757230333.018008
1.835776 -1.407512 0.750000 0.000000 0.000000 -1.474198 1757230334.031749
1.835776 -1.407512 0.750000 0.000000 0.000000 -1.474198 1757230334.996751
1.833256 -1.377618 0.750000 0.000000 0.000000 -1.492673 1757230336.036747
1.828560 -0.917382 0.750000 0.000000 0.000000 -1.630396 1757230337.041973
1.835712 -0.818342 0.750000 0.000000 0.000000 -1.660852 1757230338.031977
1.835712 -0.818342 0.750000 0.000000 0.000000 -1.662596 1757230339.041981
1.835712 -0.818342 0.750000 0.000000 0.000000 -1.662653 1757230340.031978
1.835712 -0.818342 0.750000 0.000000 0.000000 -1.662653 1757230341.005037
1.835712 -0.818342 0.750000 0.000000 0.000000 -1.662653 1757230342.042105
1.831162 -0.881026 0.750000 0.000000 0.000000 -1.634184 1757230343.002108
1.828019 -1.313997 0.750000 0.000000 0.000000 -1.526363 1757230344.042106
1.830463 -1.363437 0.750000 0.000000 0.000000 -1.510433 1757230345.023325
1.830463 -1.363437 0.750000 0.000000 0.000000 -1.509649 1757230346.008329
1.830463 -1.363437 0.750000 0.000000 0.000000 -1.509622 1757230347.016979
1.830463 -1.363437 0.750000 0.000000 0.000000 -1.509622 1757230348.043998
1.830463 -1.363437 0.750000 0.000000 0.000000 -1.509622 1757230349.013999
1.826257 -1.116024 0.750000 0.000000 0.000000 -1.589724 1757230350.012916
1.845790 -0.807281 0.750000 0.000000 0.000000 -1.672701 1757230351.009160
1.847373 -0.792063 0.750000 0.000000 0.000000 -1.683178 1757230352.043768
1.847373 -0.792063 0.750000 0.000000 0.000000 -1.683607 1757230353.003769
1.847373 -0.792063 0.750000 0.000000 0.000000 -1.683621 1757230354.028766
1.847373 -0.792063 0.750000 0.000000 0.000000 -1.683621 1757230355.008926
1.847373 -0.792063 0.750000 0.000000 0.000000 -1.683621 1757230356.014394
1.827925 -1.202399 0.750000 0.000000 0.000000 -1.565593 1757230357.043988
1.830846 -1.343514 0.750000 0.000000 0.000000 -1.531731 1757230358.038989
1.830846 -1.343514 0.750000 0.000000 0.000000 -1.529330 1757230359.039034
1.830846 -1.343514 0.750000 0.000000 0.000000 -1.529245 1757230360.018997
1.830846 -1.343514 0.750000 0.000000 0.000000 -1.529245 1757230361.018989
1.830846 -1.343514 0.750000 0.000000 0.000000 -1.529245 1757230362.010665
1.823343 -1.191752 0.750000 0.000000 0.000000 -1.534793 1757230362.999004
1.832579 -0.812865 0.750000 0.000000 0.000000 -1.647390 1757230364.013056
1.835297 -0.779225 0.750000 0.000000 0.000000 -1.662808 1757230365.028112
1.835297 -0.779225 0.750000 0.000000 0.000000 -1.663374 1757230366.036090
1.835297 -0.779225 0.750000 0.000000 0.000000 -1.663395 1757230367.013038
1.835297 -0.779225 0.750000 0.000000 0.000000 -1.663395 1757230368.038038
1.835297 -0.779225 0.750000 0.000000 0.000000 -1.663395 1757230369.039419
1.823289 -1.110390 0.750000 0.000000 0.000000 -1.560317 1757230370.016901
1.832436 -1.338778 0.750000 0.000000 0.000000 -1.502477 1757230371.046166
1.832436 -1.338778 0.750000 0.000000 0.000000 -1.496924 1757230372.035005
1.832436 -1.338778 0.750000 0.000000 0.000000 -1.496714 1757230373.029998
1.832436 -1.338778 0.750000 0.000000 0.000000 -1.496709 1757230374.027984
1.832436 -1.338778 0.750000 0.000000 0.000000 -1.496709 1757230375.000773
1.832215 -1.335636 0.750000 0.000000 0.000000 -1.502530 1757230376.010772
1.831448 -0.896267 0.750000 0.000000 0.000000 -1.629049 1757230377.010775
1.840035 -0.777781 0.750000 0.000000 0.000000 -1.661711 1757230378.010773
1.840035 -0.777781 0.750000 0.000000 0.000000 -1.663716 1757230379.030773
1.840035 -0.777781 0.750000 0.000000 0.000000 -1.663781 1757230380.037926
1.840035 -0.777781 0.750000 0.000000 0.000000 -1.663781 1757230381.034011
1.840035 -0.777781 0.750000 0.000000 0.000000 -1.663781 1757230382.028954
1.838411 -0.797364 0.750000 0.000000 0.000000 -1.648579 1757230383.033026
1.831469 -1.237879 0.750000 0.000000 0.000000 -1.526698 1757230384.008033
1.837237 -1.341365 0.750000 0.000000 0.000000 -1.498314 1757230385.042998
1.837237 -1.341365 0.750000 0.000000 0.000000 -1.496928 1757230386.023758
1.837237 -1.341365 0.750000 0.000000 0.000000 -1.496878 1757230387.044949
1.837237 -1.341365 0.750000 0.000000 0.000000 -1.496878 1757230388.017974
1.837237 -1.341365 0.750000 0.000000 0.000000 -1.496878 1757230389.022958
1.832624 -1.252238 0.750000 0.000000 0.000000 -1.531228 1757230390.017975
1.839444 -0.840155 0.750000 0.000000 0.000000 -1.639300 1757230391.017966
1.843389 -0.787051 0.750000 0.000000 0.000000 -1.656586 1757230392.002964
1.843389 -0.787051 0.750000 0.000000 0.000000 -1.657377 1757230393.037966
1.843389 -0.787051 0.750000 0.000000 0.000000 -1.657398 1757230393.985833
1.843389 -0.787051 0.750000 0.000000 0.000000 -1.657398 1757230395.000804
1.843389 -0.787051 0.750000 0.000000 0.000000 -1.657398 1757230396.006058
1.826862 -0.965682 0.750000 0.000000 0.000000 -1.643457 1757230397.008082
1.819246 -1.301469 0.750000 0.000000 0.000000 -1.548923 1757230398.001179
1.820436 -1.345854 0.750000 0.000000 0.000000 -1.532678 1757230399.000148
1.820436 -1.345854 0.750000 0.000000 0.000000 -1.531887 1757230400.019976
1.820436 -1.345854 0.750000 0.000000 0.000000 -1.531857 1757230401.014973
1.820436 -1.345854 0.750000 0.000000 0.000000 -1.531857 1757230402.019974
1.820436 -1.345854 0.750000 0.000000 0.000000 -1.531857 1757230403.018016
1.821420 -1.106052 0.750000 0.000000 0.000000 -1.610191 1757230404.033110
1.849568 -0.785648 0.750000 0.000000 0.000000 -1.701262 1757230405.028016
1.852048 -0.767062 0.750000 0.000000 0.000000 -1.712556 1757230406.034007
1.852048 -0.767062 0.750000 0.000000 0.000000 -1.713045 1757230407.004004
1.852048 -0.767062 0.750000 0.000000 0.000000 -1.713062 1757230408.008981
1.852048 -0.767062 0.750000 0.000000 0.000000 -1.713062 1757230409.013981
1.852048 -0.767062 0.750000 0.000000 0.000000 -1.713062 1757230410.019028
1.848817 -0.963356 0.750000 0.000000 0.000000 -1.563107 1757230411.005111
1.854812 -1.177459 0.750000 0.000000 0.000000 -1.522599 1757230412.025001
1.854812 -1.177459 0.750000 0.000000 0.000000 -1.519141 1757230413.036329
1.854812 -1.177459 0.750000 0.000000 0.000000 -1.519007 1757230414.030159
1.854812 -1.177459 0.750000 0.000000 0.000000 -1.519004 1757230415.010156
1.854812 -1.177459 0.750000 0.000000 0.000000 -1.519004 1757230416.030156
1.854812 -1.177459 0.750000 0.000000 0.000000 -1.519004 1757230417.017036
1.875455 -0.933865 0.750000 0.000000 0.000000 -1.678163 1757230418.035570
1.894900 -0.771831 0.750000 0.000000 0.000000 -1.704006 1757230419.035572
1.894900 -0.771831 0.750000 0.000000 0.000000 -1.705904 1757230420.043118
1.894900 -0.771831 0.750000 0.000000 0.000000 -1.705969 1757230421.008114
1.894900 -0.771831 0.750000 0.000000 0.000000 -1.705969 1757230422.003121
1.894900 -0.771831 0.750000 0.000000 0.000000 -1.705969 1757230423.038113
1.894889 -0.771980 0.750000 0.000000 0.000000 -1.639007 1757230424.003116
1.897883 -1.117030 0.750000 0.000000 0.000000 -1.529840 1757230425.028111
1.900803 -1.180863 0.750000 0.000000 0.000000 -1.516001 1757230426.003114
1.900803 -1.180863 0.750000 0.000000 0.000000 -1.515303 1757230426.993112
1.900803 -1.180863 0.750000 0.000000 0.000000 -1.515279 1757230428.018112
1.900803 -1.180863 0.750000 0.000000 0.000000 -1.515279 1757230429.038113
1.900803 -1.180863 0.750000 0.000000 0.000000 -1.515279 1757230430.025000
1.909335 -1.048404 0.750000 0.000000 0.000000 -1.653909 1757230431.032165
1.938620 -0.778060 0.750000 0.000000 0.000000 -1.700686 1757230432.014090
1.939479 -0.771516 0.750000 0.000000 0.000000 -1.706209 1757230433.031053
1.939479 -0.771516 0.750000 0.000000 0.000000 -1.706398 1757230434.006054
1.939479 -0.771516 0.750000 0.000000 0.000000 -1.706403 1757230435.021079
1.939479 -0.771516 0.750000 0.000000 0.000000 -1.706403 1757230436.036076
1.939442 -0.772115 0.750000 0.000000 0.000000 -1.630358 1757230436.996078
1.942215 -1.111927 0.750000 0.000000 0.000000 -1.531251 1757230438.003045
1.945238 -1.179659 0.750000 0.000000 0.000000 -1.517251 1757230439.018039
1.945238 -1.179659 0.750000 0.000000 0.000000 -1.516632 1757230440.018037
1.945238 -1.179659 0.750000 0.000000 0.000000 -1.516613 1757230441.038038
1.945238 -1.179659 0.750000 0.000000 0.000000 -1.516613 1757230442.038038
1.945238 -1.179659 0.750000 0.000000 0.000000 -1.516613 1757230443.003044
1.956761 -0.968051 0.750000 0.000000 0.000000 -1.647269 1757230444.020124
1.974544 -0.775980 0.750000 0.000000 0.000000 -1.678991 1757230445.035120
1.974544 -0.775980 0.750000 0.000000 0.000000 -1.681594 1757230446.008643
1.974544 -0.775980 0.750000 0.000000 0.000000 -1.681697 1757230447.040960
1.974544 -0.775980 0.750000 0.000000 0.000000 -1.681697 1757230448.034990
1.974544 -0.775980 0.750000 0.000000 0.000000 -1.681697 1757230449.019175
1.974544 -0.775980 0.750000 0.000000 0.000000 -1.681697 1757230450.013985
1.974544 -0.775980 0.750000 0.000000 0.000000 -1.681697 1757230451.037984
1.974544 -0.775980 0.750000 0.000000 0.000000 -1.681697 1757230452.044911
1.974544 -0.775980 0.750000 0.000000 0.000000 -1.681697 1757230453.039003
1.974544 -0.775980 0.750000 0.000000 0.000000 -1.681697 1757230454.044030
1.974544 -0.775980 0.750000 0.000000 0.000000 -1.681697 1757230455.010084
1.974544 -0.775980 0.750000 0.000000 0.000000 -1.681697 1757230456.010193
1.974544 -0.775980 0.750000 0.000000 0.000000 -1.681697 1757230457.012996
1.974544 -0.775980 0.750000 0.000000 0.000000 -1.681697 1757230458.007994
1.974544 -0.775980 0.750000 0.000000 0.000000 -1.681697 1757230459.028247
1.974544 -0.775980 0.750000 0.000000 0.000000 -1.681697 1757230460.018242
1.974544 -0.775980 0.750000 0.000000 0.000000 -1.681697 1757230461.003027
1.974544 -0.775980 0.750000 0.000000 0.000000 -1.681697 1757230462.036705
1.974544 -0.775980 0.750000 0.000000 0.000000 -1.681697 1757230462.996703
1.974544 -0.775980 0.750000 0.000000 0.000000 -1.681697 1757230464.031703
1.974544 -0.775980 0.750000 0.000000 0.000000 -1.681697 1757230465.026706
1.974544 -0.775980 0.750000 0.000000 0.000000 -1.681697 1757230466.009973
1.974544 -0.775980 0.750000 0.000000 0.000000 -1.681697 1757230467.019987
1.974544 -0.775980 0.750000 0.000000 0.000000 -1.681697 1757230468.009986
1.974544 -0.775980 0.750000 0.000000 0.000000 -1.681697 1757230469.012243
1.974544 -0.775980 0.750000 0.000000 0.000000 -1.681697 1757230470.019820
1.974544 -0.775980 0.750000 0.000000 0.000000 -1.681697 1757230471.012983
1.974544 -0.775980 0.750000 0.000000 0.000000 -1.681697 1757230472.032988
1.974544 -0.775980 0.750000 0.000000 0.000000 -1.681697 1757230473.022007
1.974544 -0.775980 0.750000 0.000000 0.000000 -1.681697 1757230474.027007
1.974544 -0.775980 0.750000 0.000000 0.000000 -1.681697 1757230475.005987
1.974544 -0.775980 0.750000 0.000000 0.000000 -1.681697 1757230476.012920
1.974544 -0.775980 0.750000 0.000000 0.000000 -1.681697 1757230477.030088
1.974544 -0.775980 0.750000 0.000000 0.000000 -1.681697 1757230478.019984
1.974544 -0.775980 0.750000 0.000000 0.000000 -1.681697 1757230479.009982
1.974544 -0.775980 0.750000 0.000000 0.000000 -1.681697 1757230480.008076
1.974544 -0.775980 0.750000 0.000000 0.000000 -1.681697 1757230481.043078
1.974544 -0.775980 0.750000 0.000000 0.000000 -1.681697 1757230482.004014
1.974544 -0.775980 0.750000 0.000000 0.000000 -1.681697 1757230483.036747
1.974544 -0.775980 0.750000 0.000000 0.000000 -1.681697 1757230484.019026
1.974544 -0.775980 0.750000 0.000000 0.000000 -1.681697 1757230485.035988
1.974544 -0.775980 0.750000 0.000000 0.000000 -1.681697 1757230486.036197
1.974544 -0.775980 0.750000 0.000000 0.000000 -1.681697 1757230487.039254
1.974544 -0.775980 0.750000 0.000000 0.000000 -1.681697 1757230488.024250
1.974544 -0.775980 0.750000 0.000000 0.000000 -1.681697 1757230489.014249
1.974544 -0.775980 0.750000 0.000000 0.000000 -1.681697 1757230490.004247
1.974544 -0.775980 0.750000 0.000000 0.000000 -1.681697 1757230491.004247
1.974544 -0.775980 0.750000 0.000000 0.000000 -1.681697 1757230492.039254
1.974544 -0.775980 0.750000 0.000000 0.000000 -1.681697 1757230493.034249
1.974544 -0.775980 0.750000 0.000000 0.000000 -1.681697 1757230494.044247
1.974544 -0.775980 0.750000 0.000000 0.000000 -1.681697 1757230495.034248
1.974544 -0.775980 0.750000 0.000000 0.000000 -1.681697 1757230496.031397
1.974544 -0.775980 0.750000 0.000000 0.000000 -1.681697 1757230497.036364
1.974544 -0.775980 0.750000 0.000000 0.000000 -1.681697 1757230498.015979
1.974544 -0.775980 0.750000 0.000000 0.000000 -1.681697 1757230499.035223
1.974544 -0.775980 0.750000 0.000000 0.000000 -1.681697 1757230500.004113
1.974544 -0.775980 0.750000 0.000000 0.000000 -1.681697 1757230501.013997
1.974544 -0.775980 0.750000 0.000000 0.000000 -1.681697 1757230501.995991
1.974544 -0.775980 0.750000 0.000000 0.000000 -1.681697 1757230503.021370
1.974544 -0.775980 0.750000 0.000000 0.000000 -1.681697 1757230503.988937
1.974544 -0.775980 0.750000 0.000000 0.000000 -1.681697 1757230505.019073
1.974544 -0.775980 0.750000 0.000000 0.000000 -1.681697 1757230506.030981
1.974544 -0.775980 0.750000 0.000000 0.000000 -1.681697 1757230507.034824
1.974544 -0.775980 0.750000 0.000000 0.000000 -1.681697 1757230508.014877
1.974544 -0.775980 0.750000 0.000000 0.000000 -1.681697 1757230509.034878
1.974544 -0.775980 0.750000 0.000000 0.000000 -1.681697 1757230510.035126
1.974544 -0.775980 0.750000 0.000000 0.000000 -1.681697 1757230511.042557
1.974544 -0.775980 0.750000 0.000000 0.000000 -1.681697 1757230512.019977
1.974544 -0.775980 0.750000 0.000000 0.000000 -1.681697 1757230513.004962
1.974544 -0.775980 0.750000 0.000000 0.000000 -1.681697 1757230514.017441
1.974544 -0.775980 0.750000 0.000000 0.000000 -1.681697 1757230515.012024
1.974544 -0.775980 0.750000 0.000000 0.000000 -1.681697 1757230516.013105
1.974544 -0.775980 0.750000 0.000000 0.000000 -1.681697 1757230517.023108
1.974544 -0.775980 0.750000 0.000000 0.000000 -1.681697 1757230518.019965
1.974544 -0.775980 0.750000 0.000000 0.000000 -1.681697 1757230519.009964
1.974544 -0.775980 0.750000 0.000000 0.000000 -1.681697 1757230519.999965
1.974544 -0.775980 0.750000 0.000000 0.000000 -1.681697 1757230521.034962
1.974544 -0.775980 0.750000 0.000000 0.000000 -1.681697 1757230522.024962
1.974544 -0.775980 0.750000 0.000000 0.000000 -1.681697 1757230523.014962
1.974544 -0.775980 0.750000 0.000000 0.000000 -1.681697 1757230524.019996
1.974544 -0.775980 0.750000 0.000000 0.000000 -1.681697 1757230525.014964
1.974544 -0.775980 0.750000 0.000000 0.000000 -1.681697 1757230526.039963
1.974544 -0.775980 0.750000 0.000000 0.000000 -1.681697 1757230527.049963
1.974544 -0.775980 0.750000 0.000000 0.000000 -1.681697 1757230528.039967
1.974544 -0.775980 0.750000 0.000000 0.000000 -1.681697 1757230529.039968
1.974544 -0.775980 0.750000 0.000000 0.000000 -1.681697 1757230530.045434
1.974544 -0.775980 0.750000 0.000000 0.000000 -1.681697 1757230531.039964
1.974544 -0.775980 0.750000 0.000000 0.000000 -1.681697 1757230532.009994
1.974544 -0.775980 0.750000 0.000000 0.000000 -1.681697 1757230533.019995
1.974544 -0.775980 0.750000 0.000000 0.000000 -1.681697 1757230534.039999
1.974544 -0.775980 0.750000 0.000000 0.000000 -1.681697 1757230535.029994
1.974544 -0.775980 0.750000 0.000000 0.000000 -1.681697 1757230536.035033
1.974544 -0.775980 0.750000 0.000000 0.000000 -1.681697 1757230537.030981
1.974544 -0.775980 0.750000 0.000000 0.000000 -1.681697 1757230538.042213
1.974544 -0.775980 0.750000 0.000000 0.000000 -1.681697 1757230539.040987
1.974544 -0.775980 0.750000 0.000000 0.000000 -1.681697 1757230540.016121
1.974544 -0.775980 0.750000 0.000000 0.000000 -1.681697 1757230541.025982
1.974544 -0.775980 0.750000 0.000000 0.000000 -1.681697 1757230542.005982
1.974544 -0.775980 0.750000 0.000000 0.000000 -1.681697 1757230543.000986
1.974544 -0.775980 0.750000 0.000000 0.000000 -1.681697 1757230544.010983
1.974544 -0.775980 0.750000 0.000000 0.000000 -1.681697 1757230545.025984
1.974544 -0.775980 0.750000 0.000000 0.000000 -1.681697 1757230546.009090
1.974544 -0.775980 0.750000 0.000000 0.000000 -1.681697 1757230547.024086
1.974544 -0.775980 0.750000 0.000000 0.000000 -1.681697 1757230548.041982
1.974544 -0.775980 0.750000 0.000000 0.000000 -1.681697 1757230549.041996
1.974544 -0.775980 0.750000 0.000000 0.000000 -1.681697 1757230550.032912
1.974544 -0.775980 0.750000 0.000000 0.000000 -1.681697 1757230551.031992
1.974544 -0.775980 0.750000 0.000000 0.000000 -1.681697 1757230552.040914
1.974544 -0.775980 0.750000 0.000000 0.000000 -1.681697 1757230553.041348
1.974544 -0.775980 0.750000 0.000000 0.000000 -1.681697 1757230554.042458
1.974544 -0.775980 0.750000 0.000000 0.000000 -1.681697 1757230555.018914
1.974544 -0.775980 0.750000 0.000000 0.000000 -1.681697 1757230556.012898
1.974544 -0.775980 0.750000 0.000000 0.000000 -1.681697 1757230557.042276
1.974544 -0.775980 0.750000 0.000000 0.000000 -1.681697 1757230558.014341
1.974544 -0.775980 0.750000 0.000000 0.000000 -1.681697 1757230559.043154
1.974544 -0.775980 0.750000 0.000000 0.000000 -1.681697 1757230560.004029
1.974544 -0.775980 0.750000 0.000000 0.000000 -1.681697 1757230561.005090
1.974544 -0.775980 0.750000 0.000000 0.000000 -1.681697 1757230562.041653
1.974544 -0.775980 0.750000 0.000000 0.000000 -1.681697 1757230563.041157
1.974544 -0.775980 0.750000 0.000000 0.000000 -1.681697 1757230564.012927
1.974544 -0.775980 0.750000 0.000000 0.000000 -1.681697 1757230565.024159
1.974544 -0.775980 0.750000 0.000000 0.000000 -1.681697 1757230566.014161
1.974544 -0.775980 0.750000 0.000000 0.000000 -1.681697 1757230567.034160
1.974544 -0.775980 0.750000 0.000000 0.000000 -1.681697 1757230568.035565
1.974544 -0.775980 0.750000 0.000000 0.000000 -1.681697 1757230569.035662
1.974544 -0.775980 0.750000 0.000000 0.000000 -1.681697 1757230569.985968
1.974544 -0.775980 0.750000 0.000000 0.000000 -1.681697 1757230571.035967
1.974544 -0.775980 0.750000 0.000000 0.000000 -1.681697 1757230572.025971
1.974544 -0.775980 0.750000 0.000000 0.000000 -1.681697 1757230573.010970
1.974544 -0.775980 0.750000 0.000000 0.000000 -1.681697 1757230574.002290
1.974544 -0.775980 0.750000 0.000000 0.000000 -1.681697 1757230575.007289
1.974544 -0.775980 0.750000 0.000000 0.000000 -1.681697 1757230576.017498
1.974544 -0.775980 0.750000 0.000000 0.000000 -1.681697 1757230577.007292
1.974544 -0.775980 0.750000 0.000000 0.000000 -1.681697 1757230578.010190
1.974544 -0.775980 0.750000 0.000000 0.000000 -1.681697 1757230579.032095
1.974544 -0.775980 0.750000 0.000000 0.000000 -1.681697 1757230580.015996
1.974544 -0.775980 0.750000 0.000000 0.000000 -1.681697 1757230581.035994
1.974544 -0.775980 0.750000 0.000000 0.000000 -1.681697 1757230582.029320
1.974544 -0.775980 0.750000 0.000000 0.000000 -1.681697 1757230583.001978
1.974544 -0.775980 0.750000 0.000000 0.000000 -1.681697 1757230584.037113
1.974544 -0.775980 0.750000 0.000000 0.000000 -1.681697 1757230585.015865
1.974544 -0.775980 0.750000 0.000000 0.000000 -1.681697 1757230585.996961
1.974544 -0.775980 0.750000 0.000000 0.000000 -1.681697 1757230587.041928
1.974544 -0.775980 0.750000 0.000000 0.000000 -1.681697 1757230588.031927
1.974544 -0.775980 0.750000 0.000000 0.000000 -1.681697 1757230589.026926
1.974544 -0.775980 0.750000 0.000000 0.000000 -1.681697 1757230590.022799
1.974544 -0.775980 0.750000 0.000000 0.000000 -1.681697 1757230591.026981
1.974544 -0.775980 0.750000 0.000000 0.000000 -1.681697 1757230592.041995
1.974544 -0.775980 0.750000 0.000000 0.000000 -1.681697 1757230593.028317
1.974544 -0.775980 0.750000 0.000000 0.000000 -1.681697 1757230594.013324
1.974544 -0.775980 0.750000 0.000000 0.000000 -1.681697 1757230595.028321
1.974544 -0.775980 0.750000 0.000000 0.000000 -1.681697 1757230596.048321
1.974544 -0.775980 0.750000 0.000000 0.000000 -1.681697 1757230597.038027
1.974544 -0.775980 0.750000 0.000000 0.000000 -1.681697 1757230598.023021
1.974544 -0.775980 0.750000 0.000000 0.000000 -1.681697 1757230599.008019
1.974544 -0.775980 0.750000 0.000000 0.000000 -1.681697 1757230600.033026
1.974544 -0.775980 0.750000 0.000000 0.000000 -1.681697 1757230601.023021
1.974544 -0.775980 0.750000 0.000000 0.000000 -1.681697 1757230602.013021
1.974544 -0.775980 0.750000 0.000000 0.000000 -1.681697 1757230603.020994
1.974544 -0.775980 0.750000 0.000000 0.000000 -1.681697 1757230604.028038
1.974544 -0.775980 0.750000 0.000000 0.000000 -1.681697 1757230605.003034
1.974544 -0.775980 0.750000 0.000000 0.000000 -1.681697 1757230606.015079
1.974544 -0.775980 0.750000 0.000000 0.000000 -1.681697 1757230607.025078
1.974544 -0.775980 0.750000 0.000000 0.000000 -1.681697 1757230608.020985
1.974544 -0.775980 0.750000 0.000000 0.000000 -1.681697 1757230609.017083
1.974544 -0.775980 0.750000 0.000000 0.000000 -1.681697 1757230610.019033
1.974544 -0.775980 0.750000 0.000000 0.000000 -1.681697 1757230611.014027
1.974544 -0.775980 0.750000 0.000000 0.000000 -1.681697 1757230612.034028
1.974544 -0.775980 0.750000 0.000000 0.000000 -1.681697 1757230613.044029
1.974544 -0.775980 0.750000 0.000000 0.000000 -1.681697 1757230614.025310
1.974544 -0.775980 0.750000 0.000000 0.000000 -1.681697 1757230615.035311
1.974544 -0.775980 0.750000 0.000000 0.000000 -1.681697 1757230616.040314
1.974544 -0.775980 0.750000 0.000000 0.000000 -1.681697 1757230617.040310
1.974544 -0.775980 0.750000 0.000000 0.000000 -1.681697 1757230618.040310
1.974544 -0.775980 0.750000 0.000000 0.000000 -1.681697 1757230619.015311
1.974544 -0.775980 0.750000 0.000000 0.000000 -1.681697 1757230620.021008
1.974544 -0.775980 0.750000 0.000000 0.000000 -1.681697 1757230621.025312
1.974544 -0.775980 0.750000 0.000000 0.000000 -1.681697 1757230622.024955
1.974544 -0.775980 0.750000 0.000000 0.000000 -1.681697 1757230623.045653
1.974544 -0.775980 0.750000 0.000000 0.000000 -1.681697 1757230624.005652
1.974544 -0.775980 0.750000 0.000000 0.000000 -1.681697 1757230625.019045
1.974544 -0.775980 0.750000 0.000000 0.000000 -1.681697 1757230626.004400
1.974544 -0.775980 0.750000 0.000000 0.000000 -1.681697 1757230627.011883
1.974544 -0.775980 0.750000 0.000000 0.000000 -1.681697 1757230628.006848
1.974544 -0.775980 0.750000 0.000000 0.000000 -1.681697 1757230629.032036
1.974544 -0.775980 0.750000 0.000000 0.000000 -1.681697 1757230630.032036
1.974544 -0.775980 0.750000 0.000000 0.000000 -1.681697 1757230631.047052
1.974544 -0.775980 0.750000 0.000000 0.000000 -1.681697 1757230632.037034
1.974544 -0.775980 0.750000 0.000000 0.000000 -1.681697 1757230633.039328
1.974544 -0.775980 0.750000 0.000000 0.000000 -1.681697 1757230634.034336
1.974544 -0.775980 0.750000 0.000000 0.000000 -1.681697 1757230635.038013
1.974544 -0.775980 0.750000 0.000000 0.000000 -1.681697 1757230635.999968
1.974544 -0.775980 0.750000 0.000000 0.000000 -1.681697 1757230637.014966
1.974544 -0.775980 0.750000 0.000000 0.000000 -1.681697 1757230638.010372
1.974544 -0.775980 0.750000 0.000000 0.000000 -1.681697 1757230639.036943
1.974544 -0.775980 0.750000 0.000000 0.000000 -1.681697 1757230640.038151
1.974544 -0.775980 0.750000 0.000000 0.000000 -1.681697 1757230641.013987
1.974544 -0.775980 0.750000 0.000000 0.000000 -1.681697 1757230642.018986
1.974544 -0.775980 0.750000 0.000000 0.000000 -1.681697 1757230643.040923
1.974544 -0.775980 0.750000 0.000000 0.000000 -1.681697 1757230644.000994
1.974544 -0.775980 0.750000 0.000000 0.000000 -1.681697 1757230645.034961
1.974544 -0.775980 0.750000 0.000000 0.000000 -1.681697 1757230646.039996
1.974544 -0.775980 0.750000 0.000000 0.000000 -1.681697 1757230647.030001
1.974544 -0.775980 0.750000 0.000000 0.000000 -1.681697 1757230648.019974
1.974544 -0.775980 0.750000 0.000000 0.000000 -1.681697 1757230649.038032
1.974544 -0.775980 0.750000 0.000000 0.000000 -1.681697 1757230650.038029
1.974544 -0.775980 0.750000 0.000000 0.000000 -1.681697 1757230651.018028
1.974544 -0.775980 0.750000 0.000000 0.000000 -1.681697 1757230652.043029
1.974544 -0.775980 0.750000 0.000000 0.000000 -1.681697 1757230653.021010
1.974544 -0.775980 0.750000 0.000000 0.000000 -1.681697 1757230654.021008
1.974544 -0.775980 0.750000 0.000000 0.000000 -1.681697 1757230655.011011
1.974544 -0.775980 0.750000 0.000000 0.000000 -1.681697 1757230656.026009
1.974544 -0.775980 0.750000 0.000000 0.000000 -1.681697 1757230657.016968
1.974544 -0.775980 0.750000 0.000000 0.000000 -1.681697 1757230658.021969
1.974544 -0.775980 0.750000 0.000000 0.000000 -1.681697 1757230659.036969
1.974544 -0.775980 0.750000 0.000000 0.000000 -1.681697 1757230660.021573
1.974544 -0.775980 0.750000 0.000000 0.000000 -1.681697 1757230661.043986
1.974544 -0.775980 0.750000 0.000000 0.000000 -1.681697 1757230662.003992
1.974544 -0.775980 0.750000 0.000000 0.000000 -1.681697 1757230663.023968
1.974544 -0.775980 0.750000 0.000000 0.000000 -1.681697 1757230664.035662
1.974544 -0.775980 0.750000 0.000000 0.000000 -1.681697 1757230665.007995
1.974544 -0.775980 0.750000 0.000000 0.000000 -1.681697 1757230666.022449
1.974544 -0.775980 0.750000 0.000000 0.000000 -1.681697 1757230667.027449
1.974544 -0.775980 0.750000 0.000000 0.000000 -1.681697 1757230668.022447
1.974544 -0.775980 0.750000 0.000000 0.000000 -1.681697 1757230669.019985
1.974544 -0.775980 0.750000 0.000000 0.000000 -1.681697 1757230670.019985
1.974544 -0.775980 0.750000 0.000000 0.000000 -1.681697 1757230671.029986
1.974544 -0.775980 0.750000 0.000000 0.000000 -1.681697 1757230672.044421
1.974544 -0.775980 0.750000 0.000000 0.000000 -1.681697 1757230673.005488
1.974544 -0.775980 0.750000 0.000000 0.000000 -1.681697 1757230674.010497
1.974544 -0.775980 0.750000 0.000000 0.000000 -1.681697 1757230675.040001
1.974544 -0.775980 0.750000 0.000000 0.000000 -1.681697 1757230676.019152
1.974544 -0.775980 0.750000 0.000000 0.000000 -1.681697 1757230677.034322
1.974544 -0.775980 0.750000 0.000000 0.000000 -1.681697 1757230678.029393
1.974544 -0.775980 0.750000 0.000000 0.000000 -1.681697 1757230679.019394
1.974544 -0.775980 0.750000 0.000000 0.000000 -1.681697 1757230680.034392
1.974544 -0.775980 0.750000 0.000000 0.000000 -1.681697 1757230681.009998
1.974544 -0.775980 0.750000 0.000000 0.000000 -1.681697 1757230682.011987
1.974544 -0.775980 0.750000 0.000000 0.000000 -1.681697 1757230683.023130
1.974544 -0.775980 0.750000 0.000000 0.000000 -1.681697 1757230684.028125
1.974544 -0.775980 0.750000 0.000000 0.000000 -1.681697 1757230685.003128
1.974544 -0.775980 0.750000 0.000000 0.000000 -1.681697 1757230686.003129
1.974544 -0.775980 0.750000 0.000000 0.000000 -1.681697 1757230687.034236
1.974544 -0.775980 0.750000 0.000000 0.000000 -1.681697 1757230687.999917
1.974544 -0.775980 0.750000 0.000000 0.000000 -1.681697 1757230689.009974
1.974544 -0.775980 0.750000 0.000000 0.000000 -1.681697 1757230690.039978
1.974544 -0.775980 0.750000 0.000000 0.000000 -1.681697 1757230691.010548
1.974544 -0.775980 0.750000 0.000000 0.000000 -1.681697 1757230692.026963
1.974544 -0.775980 0.750000 0.000000 0.000000 -1.681697 1757230693.004045
1.974544 -0.775980 0.750000 0.000000 0.000000 -1.681697 1757230694.007979
1.974544 -0.775980 0.750000 0.000000 0.000000 -1.681697 1757230695.048229
1.974544 -0.775980 0.750000 0.000000 0.000000 -1.681697 1757230696.016905
1.974544 -0.775980 0.750000 0.000000 0.000000 -1.681697 1757230697.002057
1.974544 -0.775980 0.750000 0.000000 0.000000 -1.681697 1757230698.032043
1.974544 -0.775980 0.750000 0.000000 0.000000 -1.681697 1757230699.032048
1.974544 -0.775980 0.750000 0.000000 0.000000 -1.681697 1757230700.032130
1.974544 -0.775980 0.750000 0.000000 0.000000 -1.681697 1757230701.043979
1.974544 -0.775980 0.750000 0.000000 0.000000 -1.681697 1757230702.006864
1.974544 -0.775980 0.750000 0.000000 0.000000 -1.681697 1757230703.011862
1.974544 -0.775980 0.750000 0.000000 0.000000 -1.681697 1757230704.006856
1.974544 -0.775980 0.750000 0.000000 0.000000 -1.681697 1757230705.018396
1.974544 -0.775980 0.750000 0.000000 0.000000 -1.681697 1757230706.025966
1.974544 -0.775980 0.750000 0.000000 0.000000 -1.681697 1757230707.050968
1.974544 -0.775980 0.750000 0.000000 0.000000 -1.681697 1757230708.005970
1.974544 -0.775980 0.750000 0.000000 0.000000 -1.681697 1757230709.045519
1.974544 -0.775980 0.750000 0.000000 0.000000 -1.681697 1757230710.005066
1.974544 -0.775980 0.750000 0.000000 0.000000 -1.681697 1757230711.040068
1.974544 -0.775980 0.750000 0.000000 0.000000 -1.681697 1757230712.035069
1.974544 -0.775980 0.750000 0.000000 0.000000 -1.681697 1757230713.025065
1.974544 -0.775980 0.750000 0.000000 0.000000 -1.681697 1757230714.035068
1.974544 -0.775980 0.750000 0.000000 0.000000 -1.681697 1757230715.015068
1.974544 -0.775980 0.750000 0.000000 0.000000 -1.681697 1757230716.023982
1.974544 -0.775980 0.750000 0.000000 0.000000 -1.681697 1757230717.026172
1.974544 -0.775980 0.750000 0.000000 0.000000 -1.681697 1757230718.001212
1.974544 -0.775980 0.750000 0.000000 0.000000 -1.681697 1757230719.038027
1.974544 -0.775980 0.750000 0.000000 0.000000 -1.681697 1757230720.004989
1.974544 -0.775980 0.750000 0.000000 0.000000 -1.681697 1757230721.026169
1.974544 -0.775980 0.750000 0.000000 0.000000 -1.681697 1757230722.016900
1.974544 -0.775980 0.750000 0.000000 0.000000 -1.681697 1757230723.006004
1.974544 -0.775980 0.750000 0.000000 0.000000 -1.681697 1757230724.006006
1.974544 -0.775980 0.750000 0.000000 0.000000 -1.681697 1757230725.019234
1.974544 -0.775980 0.750000 0.000000 0.000000 -1.681697 1757230726.019235
1.974544 -0.775980 0.750000 0.000000 0.000000 -1.681697 1757230727.029234
1.974544 -0.775980 0.750000 0.000000 0.000000 -1.681697 1757230728.039239
1.974544 -0.775980 0.750000 0.000000 0.000000 -1.681697 1757230729.035042
1.974544 -0.775980 0.750000 0.000000 0.000000 -1.681697 1757230730.040036
1.974544 -0.775980 0.750000 0.000000 0.000000 -1.681697 1757230731.035043
1.974544 -0.775980 0.750000 0.000000 0.000000 -1.681697 1757230731.996244
1.974544 -0.775980 0.750000 0.000000 0.000000 -1.681697 1757230733.028931
1.974544 -0.775980 0.750000 0.000000 0.000000 -1.681697 1757230734.027981
1.974544 -0.775980 0.750000 0.000000 0.000000 -1.681697 1757230735.039937
1.974544 -0.775980 0.750000 0.000000 0.000000 -1.681697 1757230736.019939
1.974544 -0.775980 0.750000 0.000000 0.000000 -1.681697 1757230737.034939
1.974544 -0.775980 0.750000 0.000000 0.000000 -1.681697 1757230738.019939
1.974544 -0.775980 0.750000 0.000000 0.000000 -1.681697 1757230739.029946
1.974544 -0.775980 0.750000 0.000000 0.000000 -1.681697 1757230740.013980
1.974544 -0.775980 0.750000 0.000000 0.000000 -1.681697 1757230741.043172
1.974544 -0.775980 0.750000 0.000000 0.000000 -1.681697 1757230742.043172
1.974544 -0.775980 0.750000 0.000000 0.000000 -1.681697 1757230743.043172
1.974544 -0.775980 0.750000 0.000000 0.000000 -1.681697 1757230744.038172
1.974544 -0.775980 0.750000 0.000000 0.000000 -1.681697 1757230745.038170
1.974544 -0.775980 0.750000 0.000000 0.000000 -1.681697 1757230746.018717
1.974544 -0.775980 0.750000 0.000000 0.000000 -1.681697 1757230747.018979
1.974544 -0.775980 0.750000 0.000000 0.000000 -1.681697 1757230748.013980
1.974544 -0.775980 0.750000 0.000000 0.000000 -1.681697 1757230749.003983
1.974544 -0.775980 0.750000 0.000000 0.000000 -1.681697 1757230750.043981
1.974544 -0.775980 0.750000 0.000000 0.000000 -1.681697 1757230751.003981
1.974544 -0.775980 0.750000 0.000000 0.000000 -1.681697 1757230752.038978
1.974544 -0.775980 0.750000 0.000000 0.000000 -1.681697 1757230753.033983
1.974544 -0.775980 0.750000 0.000000 0.000000 -1.681697 1757230754.003985
1.974544 -0.775980 0.750000 0.000000 0.000000 -1.681697 1757230755.013980
1.974544 -0.775980 0.750000 0.000000 0.000000 -1.681697 1757230756.013979
1.974544 -0.775980 0.750000 0.000000 0.000000 -1.681697 1757230757.023993
1.974544 -0.775980 0.750000 0.000000 0.000000 -1.681697 1757230758.013993
1.974544 -0.775980 0.750000 0.000000 0.000000 -1.681697 1757230759.034273
1.974544 -0.775980 0.750000 0.000000 0.000000 -1.681697 1757230760.002226
1.974544 -0.775980 0.750000 0.000000 0.000000 -1.681697 1757230761.039971
1.974544 -0.775980 0.750000 0.000000 0.000000 -1.681697 1757230762.039971
1.974544 -0.775980 0.750000 0.000000 0.000000 -1.681697 1757230763.009969
1.974544 -0.775980 0.750000 0.000000 0.000000 -1.681697 1757230764.009973
1.974544 -0.775980 0.750000 0.000000 0.000000 -1.681697 1757230765.044974
1.974544 -0.775980 0.750000 0.000000 0.000000 -1.681697 1757230766.034971
1.974544 -0.775980 0.750000 0.000000 0.000000 -1.681697 1757230767.029970
1.974544 -0.775980 0.750000 0.000000 0.000000 -1.681697 1757230768.030053
1.974544 -0.775980 0.750000 0.000000 0.000000 -1.681697 1757230769.010021
1.974544 -0.775980 0.750000 0.000000 0.000000 -1.681697 1757230770.006012
1.974544 -0.775980 0.750000 0.000000 0.000000 -1.681697 1757230771.041009
1.974544 -0.775980 0.750000 0.000000 0.000000 -1.681697 1757230772.006011
1.974544 -0.775980 0.750000 0.000000 0.000000 -1.681697 1757230773.011008
1.974544 -0.775980 0.750000 0.000000 0.000000 -1.681697 1757230774.011011
1.974544 -0.775980 0.750000 0.000000 0.000000 -1.681697 1757230775.006012
1.974544 -0.775980 0.750000 0.000000 0.000000 -1.681697 1757230776.042232
1.974544 -0.775980 0.750000 0.000000 0.000000 -1.681697 1757230777.031012
1.974544 -0.775980 0.750000 0.000000 0.000000 -1.681697 1757230778.036030
1.974544 -0.775980 0.750000 0.000000 0.000000 -1.681697 1757230779.046022
1.974544 -0.775980 0.750000 0.000000 0.000000 -1.681697 1757230780.046014
1.974544 -0.775980 0.750000 0.000000 0.000000 -1.681697 1757230781.006991
1.974544 -0.775980 0.750000 0.000000 0.000000 -1.681697 1757230782.036989
1.974544 -0.775980 0.750000 0.000000 0.000000 -1.681697 1757230783.037015
1.974544 -0.775980 0.750000 0.000000 0.000000 -1.681697 1757230784.021998
1.974544 -0.775980 0.750000 0.000000 0.000000 -1.681697 1757230785.021993
1.974544 -0.775980 0.750000 0.000000 0.000000 -1.681697 1757230786.017197
1.974544 -0.775980 0.750000 0.000000 0.000000 -1.681697 1757230787.003206
1.974544 -0.775980 0.750000 0.000000 0.000000 -1.681697 1757230787.998333
1.974544 -0.775980 0.750000 0.000000 0.000000 -1.681697 1757230789.008778
1.974544 -0.775980 0.750000 0.000000 0.000000 -1.681697 1757230790.042967
1.974544 -0.775980 0.750000 0.000000 0.000000 -1.681697 1757230791.017973
1.974544 -0.775980 0.750000 0.000000 0.000000 -1.681697 1757230792.008173
1.974544 -0.775980 0.750000 0.000000 0.000000 -1.681697 1757230793.002975
1.974544 -0.775980 0.750000 0.000000 0.000000 -1.681697 1757230794.033686
1.974544 -0.775980 0.750000 0.000000 0.000000 -1.681697 1757230795.004658
1.974544 -0.775980 0.750000 0.000000 0.000000 -1.681697 1757230796.029655
1.974544 -0.775980 0.750000 0.000000 0.000000 -1.681697 1757230797.045979
1.974544 -0.775980 0.750000 0.000000 0.000000 -1.681697 1757230798.005979
1.974544 -0.775980 0.750000 0.000000 0.000000 -1.681697 1757230799.023760
1.974544 -0.775980 0.750000 0.000000 0.000000 -1.681697 1757230800.018758
1.974544 -0.775980 0.750000 0.000000 0.000000 -1.681697 1757230801.018798
1.974544 -0.775980 0.750000 0.000000 0.000000 -1.681697 1757230802.008992
1.974544 -0.775980 0.750000 0.000000 0.000000 -1.681697 1757230803.027847
1.974544 -0.775980 0.750000 0.000000 0.000000 -1.681697 1757230804.042848
1.974544 -0.775980 0.750000 0.000000 0.000000 -1.681697 1757230805.002846
1.974544 -0.775980 0.750000 0.000000 0.000000 -1.681697 1757230806.036269
1.974544 -0.775980 0.750000 0.000000 0.000000 -1.681697 1757230807.034019
1.974544 -0.775980 0.750000 0.000000 0.000000 -1.681697 1757230808.034020
1.974544 -0.775980 0.750000 0.000000 0.000000 -1.681697 1757230808.998276
1.974544 -0.775980 0.750000 0.000000 0.000000 -1.681697 1757230810.008274
1.974544 -0.775980 0.750000 0.000000 0.000000 -1.681697 1757230811.019300
1.974544 -0.775980 0.750000 0.000000 0.000000 -1.681697 1757230812.004301
1.974544 -0.775980 0.750000 0.000000 0.000000 -1.681697 1757230813.014304
1.974544 -0.775980 0.750000 0.000000 0.000000 -1.681697 1757230814.032777
1.974544 -0.775980 0.750000 0.000000 0.000000 -1.681697 1757230815.010978
1.974544 -0.775980 0.750000 0.000000 0.000000 -1.681697 1757230816.030976
1.974544 -0.775980 0.750000 0.000000 0.000000 -1.681697 1757230817.040907
1.974544 -0.775980 0.750000 0.000000 0.000000 -1.681697 1757230818.035997
1.974544 -0.775980 0.750000 0.000000 0.000000 -1.681697 1757230819.008994
1.974544 -0.775980 0.750000 0.000000 0.000000 -1.681697 1757230820.023965
1.974544 -0.775980 0.750000 0.000000 0.000000 -1.681697 1757230821.036908
1.974544 -0.775980 0.750000 0.000000 0.000000 -1.681697 1757230822.039981
1.974544 -0.775980 0.750000 0.000000 0.000000 -1.681697 1757230823.059982
1.974544 -0.775980 0.750000 0.000000 0.000000 -1.681697 1757230824.009990
1.974544 -0.775980 0.750000 0.000000 0.000000 -1.681697 1757230824.999981
1.974544 -0.775980 0.750000 0.000000 0.000000 -1.681697 1757230826.029989
1.974544 -0.775980 0.750000 0.000000 0.000000 -1.681697 1757230827.019981
1.974544 -0.775980 0.750000 0.000000 0.000000 -1.681697 1757230828.014981
1.974544 -0.775980 0.750000 0.000000 0.000000 -1.681697 1757230829.009990
1.974544 -0.775980 0.750000 0.000000 0.000000 -1.681697 1757230830.039980
1.974544 -0.775980 0.750000 0.000000 0.000000 -1.681697 1757230831.045460
1.974544 -0.775980 0.750000 0.000000 0.000000 -1.681697 1757230832.030015
1.974544 -0.775980 0.750000 0.000000 0.000000 -1.681697 1757230833.011984
1.974544 -0.775980 0.750000 0.000000 0.000000 -1.681697 1757230834.016980
1.974544 -0.775980 0.750000 0.000000 0.000000 -1.681697 1757230835.036982
1.974544 -0.775980 0.750000 0.000000 0.000000 -1.681697 1757230836.038008
1.974544 -0.775980 0.750000 0.000000 0.000000 -1.681697 1757230837.038009
1.974544 -0.775980 0.750000 0.000000 0.000000 -1.681697 1757230838.003009
1.974544 -0.775980 0.750000 0.000000 0.000000 -1.681697 1757230838.998011
1.974544 -0.775980 0.750000 0.000000 0.000000 -1.681697 1757230840.038010
1.974544 -0.775980 0.750000 0.000000 0.000000 -1.681697 1757230841.038009
1.974544 -0.775980 0.750000 0.000000 0.000000 -1.681697 1757230842.040977
1.974544 -0.775980 0.750000 0.000000 0.000000 -1.681697 1757230843.043986
1.974544 -0.775980 0.750000 0.000000 0.000000 -1.681697 1757230844.004039
1.974544 -0.775980 0.750000 0.000000 0.000000 -1.681697 1757230845.014041
1.974544 -0.775980 0.750000 0.000000 0.000000 -1.681697 1757230846.014044
1.974544 -0.775980 0.750000 0.000000 0.000000 -1.681697 1757230847.029041
1.974544 -0.775980 0.750000 0.000000 0.000000 -1.681697 1757230848.029984
1.974544 -0.775980 0.750000 0.000000 0.000000 -1.681697 1757230849.029985
1.974544 -0.775980 0.750000 0.000000 0.000000 -1.681697 1757230850.029984
1.974544 -0.775980 0.750000 0.000000 0.000000 -1.681697 1757230851.029985
1.974544 -0.775980 0.750000 0.000000 0.000000 -1.681697 1757230852.018017
1.974544 -0.775980 0.750000 0.000000 0.000000 -1.681697 1757230853.032983
1.974544 -0.775980 0.750000 0.000000 0.000000 -1.681697 1757230854.038023
1.974544 -0.775980 0.750000 0.000000 0.000000 -1.681697 1757230855.043007
1.974544 -0.775980 0.750000 0.000000 0.000000 -1.681697 1757230856.038014
1.974544 -0.775980 0.750000 0.000000 0.000000 -1.681697 1757230857.013983
1.974544 -0.775980 0.750000 0.000000 0.000000 -1.681697 1757230858.044364
1.974544 -0.775980 0.750000 0.000000 0.000000 -1.681697 1757230859.035970
1.974544 -0.775980 0.750000 0.000000 0.000000 -1.681697 1757230860.035968
1.974544 -0.775980 0.750000 0.000000 0.000000 -1.681697 1757230861.026147
1.974544 -0.775980 0.750000 0.000000 0.000000 -1.681697 1757230862.011146
1.974544 -0.775980 0.750000 0.000000 0.000000 -1.681697 1757230863.032016
1.974544 -0.775980 0.750000 0.000000 0.000000 -1.681697 1757230864.044576
1.974544 -0.775980 0.750000 0.000000 0.000000 -1.681697 1757230865.004577
1.974544 -0.775980 0.750000 0.000000 0.000000 -1.681697 1757230866.009959
1.974544 -0.775980 0.750000 0.000000 0.000000 -1.681697 1757230867.014959
1.974544 -0.775980 0.750000 0.000000 0.000000 -1.681697 1757230868.009963
1.974544 -0.775980 0.750000 0.000000 0.000000 -1.681697 1757230869.009967
1.974544 -0.775980 0.750000 0.000000 0.000000 -1.681697 1757230870.049969
1.974544 -0.775980 0.750000 0.000000 0.000000 -1.681697 1757230871.009967
1.974544 -0.775980 0.750000 0.000000 0.000000 -1.681697 1757230872.014969
1.974544 -0.775980 0.750000 0.000000 0.000000 -1.681697 1757230873.026967
1.974544 -0.775980 0.750000 0.000000 0.000000 -1.681697 1757230874.020422
1.974544 -0.775980 0.750000 0.000000 0.000000 -1.681697 1757230875.030419
1.974544 -0.775980 0.750000 0.000000 0.000000 -1.681697 1757230876.000426
1.974544 -0.775980 0.750000 0.000000 0.000000 -1.681697 1757230877.010418
1.974544 -0.775980 0.750000 0.000000 0.000000 -1.681697 1757230878.026963
1.974544 -0.775980 0.750000 0.000000 0.000000 -1.681697 1757230879.031963
1.974544 -0.775980 0.750000 0.000000 0.000000 -1.681697 1757230880.035260
1.974544 -0.775980 0.750000 0.000000 0.000000 -1.681697 1757230881.035258
1.974544 -0.775980 0.750000 0.000000 0.000000 -1.681697 1757230882.005987
1.974544 -0.775980 0.750000 0.000000 0.000000 -1.681697 1757230883.042106
1.974544 -0.775980 0.750000 0.000000 0.000000 -1.681697 1757230884.015985
1.974544 -0.775980 0.750000 0.000000 0.000000 -1.681697 1757230885.000988
1.974544 -0.775980 0.750000 0.000000 0.000000 -1.681697 1757230886.019070
1.974544 -0.775980 0.750000 0.000000 0.000000 -1.681697 1757230887.019072
1.974544 -0.775980 0.750000 0.000000 0.000000 -1.681697 1757230888.014084
1.974544 -0.775980 0.750000 0.000000 0.000000 -1.681697 1757230889.037317
1.974544 -0.775980 0.750000 0.000000 0.000000 -1.681697 1757230890.003006
1.974544 -0.775980 0.750000 0.000000 0.000000 -1.681697 1757230891.038013
1.974544 -0.775980 0.750000 0.000000 0.000000 -1.681697 1757230892.038007
1.974544 -0.775980 0.750000 0.000000 0.000000 -1.681697 1757230893.028002
1.974544 -0.775980 0.750000 0.000000 0.000000 -1.681697 1757230894.033006
1.974544 -0.775980 0.750000 0.000000 0.000000 -1.681697 1757230895.018006
1.974544 -0.775980 0.750000 0.000000 0.000000 -1.681697 1757230896.021749
1.974544 -0.775980 0.750000 0.000000 0.000000 -1.681697 1757230897.031976
1.974544 -0.775980 0.750000 0.000000 0.000000 -1.681697 1757230898.006966
1.974544 -0.775980 0.750000 0.000000 0.000000 -1.681697 1757230899.043012
1.974544 -0.775980 0.750000 0.000000 0.000000 -1.681697 1757230900.008013
1.974544 -0.775980 0.750000 0.000000 0.000000 -1.681697 1757230901.032011
1.974544 -0.775980 0.750000 0.000000 0.000000 -1.681697 1757230902.032009
1.974544 -0.775980 0.750000 0.000000 0.000000 -1.681697 1757230902.990051
1.974544 -0.775980 0.750000 0.000000 0.000000 -1.681697 1757230904.040996
1.974544 -0.775980 0.750000 0.000000 0.000000 -1.681697 1757230905.035051
1.974544 -0.775980 0.750000 0.000000 0.000000 -1.681697 1757230906.028105
1.974544 -0.775980 0.750000 0.000000 0.000000 -1.681697 1757230907.018102
1.974544 -0.775980 0.750000 0.000000 0.000000 -1.681697 1757230908.027991
1.974544 -0.775980 0.750000 0.000000 0.000000 -1.681697 1757230909.032003
1.974544 -0.775980 0.750000 0.000000 0.000000 -1.681697 1757230910.000217
1.974544 -0.775980 0.750000 0.000000 0.000000 -1.681697 1757230911.000220
1.974544 -0.775980 0.750000 0.000000 0.000000 -1.681697 1757230912.010220
1.974544 -0.775980 0.750000 0.000000 0.000000 -1.681697 1757230913.010221
1.974544 -0.775980 0.750000 0.000000 0.000000 -1.681697 1757230914.025220
1.974544 -0.775980 0.750000 0.000000 0.000000 -1.681697 1757230915.022171
1.974544 -0.775980 0.750000 0.000000 0.000000 -1.681697 1757230916.006782
1.974544 -0.775980 0.750000 0.000000 0.000000 -1.681697 1757230917.018693
1.974544 -0.775980 0.750000 0.000000 0.000000 -1.681697 1757230918.032458
1.974544 -0.775980 0.750000 0.000000 0.000000 -1.681697 1757230919.007896
1.974544 -0.775980 0.750000 0.000000 0.000000 -1.681697 1757230920.007894
1.974544 -0.775980 0.750000 0.000000 0.000000 -1.681697 1757230921.037964
1.974544 -0.775980 0.750000 0.000000 0.000000 -1.681697 1757230922.014037
1.974544 -0.775980 0.750000 0.000000 0.000000 -1.681697 1757230923.034037
1.974544 -0.775980 0.750000 0.000000 0.000000 -1.681697 1757230924.019978
1.974544 -0.775980 0.750000 0.000000 0.000000 -1.681697 1757230925.024980
1.974544 -0.775980 0.750000 0.000000 0.000000 -1.681697 1757230926.039976
1.974544 -0.775980 0.750000 0.000000 0.000000 -1.681697 1757230927.014978
1.974544 -0.775980 0.750000 0.000000 0.000000 -1.681697 1757230928.029978
1.974544 -0.775980 0.750000 0.000000 0.000000 -1.681697 1757230928.999981
1.974544 -0.775980 0.750000 0.000000 0.000000 -1.681697 1757230930.008029
1.974544 -0.775980 0.750000 0.000000 0.000000 -1.681697 1757230931.029008
1.974544 -0.775980 0.750000 0.000000 0.000000 -1.681697 1757230932.004010
1.974544 -0.775980 0.750000 0.000000 0.000000 -1.681697 1757230932.999980
1.974544 -0.775980 0.750000 0.000000 0.000000 -1.681697 1757230934.007669
1.974544 -0.775980 0.750000 0.000000 0.000000 -1.681697 1757230935.024911
1.974544 -0.775980 0.750000 0.000000 0.000000 -1.681697 1757230936.025002
1.974544 -0.775980 0.750000 0.000000 0.000000 -1.681697 1757230937.000007
1.974544 -0.775980 0.750000 0.000000 0.000000 -1.681697 1757230938.006060
1.974544 -0.775980 0.750000 0.000000 0.000000 -1.681697 1757230939.043001
1.974544 -0.775980 0.750000 0.000000 0.000000 -1.681697 1757230940.008002
1.974544 -0.775980 0.750000 0.000000 0.000000 -1.681697 1757230941.024009
1.974544 -0.775980 0.750000 0.000000 0.000000 -1.681697 1757230942.024978
1.974544 -0.775980 0.750000 0.000000 0.000000 -1.681697 1757230942.993000
1.974544 -0.775980 0.750000 0.000000 0.000000 -1.681697 1757230944.003005
1.974544 -0.775980 0.750000 0.000000 0.000000 -1.681697 1757230945.018016
1.974544 -0.775980 0.750000 0.000000 0.000000 -1.681697 1757230946.018977
1.974544 -0.775980 0.750000 0.000000 0.000000 -1.681697 1757230947.003975
1.974544 -0.775980 0.750000 0.000000 0.000000 -1.681697 1757230948.022586
1.974544 -0.775980 0.750000 0.000000 0.000000 -1.681697 1757230949.007665
1.974544 -0.775980 0.750000 0.000000 0.000000 -1.681697 1757230950.009987
1.974544 -0.775980 0.750000 0.000000 0.000000 -1.681697 1757230951.007781
1.974544 -0.775980 0.750000 0.000000 0.000000 -1.681697 1757230952.010109
1.974544 -0.775980 0.750000 0.000000 0.000000 -1.681697 1757230953.049987
1.974544 -0.775980 0.750000 0.000000 0.000000 -1.681697 1757230954.014988
1.974544 -0.775980 0.750000 0.000000 0.000000 -1.681697 1757230955.004988
1.974544 -0.775980 0.750000 0.000000 0.000000 -1.681697 1757230956.028923
1.974544 -0.775980 0.750000 0.000000 0.000000 -1.681697 1757230956.998152
1.974544 -0.775980 0.750000 0.000000 0.000000 -1.681697 1757230957.997265
1.974544 -0.775980 0.750000 0.000000 0.000000 -1.681697 1757230959.002268
1.974544 -0.775980 0.750000 0.000000 0.000000 -1.681697 1757230960.025225
1.974544 -0.775980 0.750000 0.000000 0.000000 -1.681697 1757230961.040226
1.974544 -0.775980 0.750000 0.000000 0.000000 -1.681697 1757230962.035228
1.974544 -0.775980 0.750000 0.000000 0.000000 -1.681697 1757230963.041492
1.974544 -0.775980 0.750000 0.000000 0.000000 -1.681697 1757230964.043217
1.974544 -0.775980 0.750000 0.000000 0.000000 -1.681697 1757230965.039980
1.974544 -0.775980 0.750000 0.000000 0.000000 -1.681697 1757230966.029978
1.974544 -0.775980 0.750000 0.000000 0.000000 -1.681697 1757230967.034681
1.974544 -0.775980 0.750000 0.000000 0.000000 -1.681697 1757230968.034675
1.974544 -0.775980 0.750000 0.000000 0.000000 -1.681697 1757230969.039675
1.974544 -0.775980 0.750000 0.000000 0.000000 -1.681697 1757230970.019640
1.974544 -0.775980 0.750000 0.000000 0.000000 -1.681697 1757230971.024671
1.974544 -0.775980 0.750000 0.000000 0.000000 -1.681697 1757230972.019635
1.974544 -0.775980 0.750000 0.000000 0.000000 -1.681697 1757230973.014676
1.974544 -0.775980 0.750000 0.000000 0.000000 -1.681697 1757230974.014677
1.974544 -0.775980 0.750000 0.000000 0.000000 -1.681697 1757230975.034677
1.974544 -0.775980 0.750000 0.000000 0.000000 -1.681697 1757230976.029678
1.974544 -0.775980 0.750000 0.000000 0.000000 -1.681697 1757230977.034674
1.974544 -0.775980 0.750000 0.000000 0.000000 -1.681697 1757230978.019671
1.974544 -0.775980 0.750000 0.000000 0.000000 -1.681697 1757230979.034677
1.974544 -0.775980 0.750000 0.000000 0.000000 -1.681697 1757230980.034674
1.974544 -0.775980 0.750000 0.000000 0.000000 -1.681697 1757230981.007148
1.974544 -0.775980 0.750000 0.000000 0.000000 -1.681697 1757230982.002148
1.974544 -0.775980 0.750000 0.000000 0.000000 -1.681697 1757230983.008111
1.974544 -0.775980 0.750000 0.000000 0.000000 -1.681697 1757230984.030007
1.974544 -0.775980 0.750000 0.000000 0.000000 -1.681697 1757230985.042763
1.974544 -0.775980 0.750000 0.000000 0.000000 -1.681697 1757230986.037833
1.974544 -0.775980 0.750000 0.000000 0.000000 -1.681697 1757230987.009978
1.974544 -0.775980 0.750000 0.000000 0.000000 -1.681697 1757230988.012891
1.974544 -0.775980 0.750000 0.000000 0.000000 -1.681697 1757230989.021504
1.974544 -0.775980 0.750000 0.000000 0.000000 -1.681697 1757230990.022988
1.974544 -0.775980 0.750000 0.000000 0.000000 -1.681697 1757230991.012988
1.974544 -0.775980 0.750000 0.000000 0.000000 -1.681697 1757230992.012989
1.974544 -0.775980 0.750000 0.000000 0.000000 -1.681697 1757230993.012992
1.974544 -0.775980 0.750000 0.000000 0.000000 -1.681697 1757230994.035981
1.974544 -0.775980 0.750000 0.000000 0.000000 -1.681697 1757230995.005979
1.974544 -0.775980 0.750000 0.000000 0.000000 -1.681697 1757230996.035976
1.974544 -0.775980 0.750000 0.000000 0.000000 -1.681697 1757230997.010567
1.974544 -0.775980 0.750000 0.000000 0.000000 -1.681697 1757230998.000570
1.974544 -0.775980 0.750000 0.000000 0.000000 -1.681697 1757230998.995566
1.974544 -0.775980 0.750000 0.000000 0.000000 -1.681697 1757231000.004514
1.974544 -0.775980 0.750000 0.000000 0.000000 -1.681697 1757231001.014518
1.974544 -0.775980 0.750000 0.000000 0.000000 -1.681697 1757231002.004512
1.974544 -0.775980 0.750000 0.000000 0.000000 -1.681697 1757231003.006096
1.974544 -0.775980 0.750000 0.000000 0.000000 -1.681697 1757231004.041091
1.974544 -0.775980 0.750000 0.000000 0.000000 -1.681697 1757231005.042986
1.974544 -0.775980 0.750000 0.000000 0.000000 -1.681697 1757231006.018009
1.974544 -0.775980 0.750000 0.000000 0.000000 -1.681697 1757231007.023009
1.974544 -0.775980 0.750000 0.000000 0.000000 -1.681697 1757231008.038058
1.974544 -0.775980 0.750000 0.000000 0.000000 -1.681697 1757231009.003072
1.974544 -0.775980 0.750000 0.000000 0.000000 -1.681697 1757231010.003062
1.974544 -0.775980 0.750000 0.000000 0.000000 -1.681697 1757231011.018058
1.974544 -0.775980 0.750000 0.000000 0.000000 -1.681697 1757231012.031978
1.974544 -0.775980 0.750000 0.000000 0.000000 -1.681697 1757231013.026087
1.974544 -0.775980 0.750000 0.000000 0.000000 -1.681697 1757231014.000101
1.974544 -0.775980 0.750000 0.000000 0.000000 -1.681697 1757231015.036978
1.974544 -0.775980 0.750000 0.000000 0.000000 -1.681697 1757231016.021983
1.974544 -0.775980 0.750000 0.000000 0.000000 -1.681697 1757231017.040653
1.974544 -0.775980 0.750000 0.000000 0.000000 -1.681697 1757231018.017837
1.974544 -0.775980 0.750000 0.000000 0.000000 -1.681697 1757231019.030481
1.974544 -0.775980 0.750000 0.000000 0.000000 -1.681697 1757231020.020918
1.974544 -0.775980 0.750000 0.000000 0.000000 -1.681697 1757231021.014845
1.974544 -0.775980 0.750000 0.000000 0.000000 -1.681697 1757231022.014974
1.974544 -0.775980 0.750000 0.000000 0.000000 -1.681697 1757231023.025021
1.974544 -0.775980 0.750000 0.000000 0.000000 -1.681697 1757231024.015022
1.974544 -0.775980 0.750000 0.000000 0.000000 -1.681697 1757231024.999993
1.974544 -0.775980 0.750000 0.000000 0.000000 -1.681697 1757231026.018971
1.974544 -0.775980 0.750000 0.000000 0.000000 -1.681697 1757231027.026984
1.974544 -0.775980 0.750000 0.000000 0.000000 -1.681697 1757231028.013029
1.974544 -0.775980 0.750000 0.000000 0.000000 -1.681697 1757231029.016911
1.974544 -0.775980 0.750000 0.000000 0.000000 -1.681697 1757231030.015058
1.974544 -0.775980 0.750000 0.000000 0.000000 -1.681697 1757231031.015056
1.974544 -0.775980 0.750000 0.000000 0.000000 -1.681697 1757231032.040058
1.974544 -0.775980 0.750000 0.000000 0.000000 -1.681697 1757231033.045373
1.974544 -0.775980 0.750000 0.000000 0.000000 -1.681697 1757231034.010387
1.974544 -0.775980 0.750000 0.000000 0.000000 -1.681697 1757231035.007999
1.974544 -0.775980 0.750000 0.000000 0.000000 -1.681697 1757231036.030015
1.974544 -0.775980 0.750000 0.000000 0.000000 -1.681697 1757231037.020030
1.974544 -0.775980 0.750000 0.000000 0.000000 -1.681697 1757231038.020073
1.974544 -0.775980 0.750000 0.000000 0.000000 -1.681697 1757231039.020072
1.974544 -0.775980 0.750000 0.000000 0.000000 -1.681697 1757231040.028732
1.974544 -0.775980 0.750000 0.000000 0.000000 -1.681697 1757231041.019299
1.974544 -0.775980 0.750000 0.000000 0.000000 -1.681697 1757231042.018744
1.974544 -0.775980 0.750000 0.000000 0.000000 -1.681697 1757231043.003753
1.974544 -0.775980 0.750000 0.000000 0.000000 -1.681697 1757231044.038762
1.974544 -0.775980 0.750000 0.000000 0.000000 -1.681697 1757231045.043763
1.974544 -0.775980 0.750000 0.000000 0.000000 -1.681697 1757231046.013733
1.974544 -0.775980 0.750000 0.000000 0.000000 -1.681697 1757231047.018740
1.974544 -0.775980 0.750000 0.000000 0.000000 -1.681697 1757231048.003987
1.974544 -0.775980 0.750000 0.000000 0.000000 -1.681697 1757231049.038979
1.974544 -0.775980 0.750000 0.000000 0.000000 -1.681697 1757231050.033979
1.974544 -0.775980 0.750000 0.000000 0.000000 -1.681697 1757231051.043979
1.974544 -0.775980 0.750000 0.000000 0.000000 -1.681697 1757231052.003693
1.974544 -0.775980 0.750000 0.000000 0.000000 -1.681697 1757231053.013977
1.974544 -0.775980 0.750000 0.000000 0.000000 -1.681697 1757231054.003971
1.974544 -0.775980 0.750000 0.000000 0.000000 -1.681697 1757231055.043971
1.974544 -0.775980 0.750000 0.000000 0.000000 -1.681697 1757231056.043971
1.974544 -0.775980 0.750000 0.000000 0.000000 -1.681697 1757231057.043971
1.974544 -0.775980 0.750000 0.000000 0.000000 -1.681697 1757231058.033978
1.974544 -0.775980 0.750000 0.000000 0.000000 -1.681697 1757231059.036905
1.974544 -0.775980 0.750000 0.000000 0.000000 -1.681697 1757231060.038080
1.974544 -0.775980 0.750000 0.000000 0.000000 -1.681697 1757231061.029400
1.974544 -0.775980 0.750000 0.000000 0.000000 -1.681697 1757231062.034398
1.974544 -0.775980 0.750000 0.000000 0.000000 -1.681697 1757231063.003427
1.974544 -0.775980 0.750000 0.000000 0.000000 -1.681697 1757231064.039746
1.974544 -0.775980 0.750000 0.000000 0.000000 -1.681697 1757231065.034458
1.974544 -0.775980 0.750000 0.000000 0.000000 -1.681697 1757231066.038993
1.974544 -0.775980 0.750000 0.000000 0.000000 -1.681697 1757231067.038519
1.974544 -0.775980 0.750000 0.000000 0.000000 -1.681697 1757231068.028517
1.974544 -0.775980 0.750000 0.000000 0.000000 -1.681697 1757231069.003518
1.974544 -0.775980 0.750000 0.000000 0.000000 -1.681697 1757231070.020052
1.974544 -0.775980 0.750000 0.000000 0.000000 -1.681697 1757231071.001979
1.974544 -0.775980 0.750000 0.000000 0.000000 -1.681697 1757231072.051979
1.974544 -0.775980 0.750000 0.000000 0.000000 -1.681697 1757231073.017975
1.974544 -0.775980 0.750000 0.000000 0.000000 -1.681697 1757231074.025275
1.974544 -0.775980 0.750000 0.000000 0.000000 -1.681697 1757231075.043689
1.974544 -0.775980 0.750000 0.000000 0.000000 -1.681697 1757231075.996234
1.974544 -0.775980 0.750000 0.000000 0.000000 -1.681697 1757231077.036972
1.974544 -0.775980 0.750000 0.000000 0.000000 -1.681697 1757231078.002095
1.974544 -0.775980 0.750000 0.000000 0.000000 -1.681697 1757231079.001972
1.974544 -0.775980 0.750000 0.000000 0.000000 -1.681697 1757231080.021971
1.974544 -0.775980 0.750000 0.000000 0.000000 -1.681697 1757231081.042781
1.974544 -0.775980 0.750000 0.000000 0.000000 -1.681697 1757231081.996977
1.974544 -0.775980 0.750000 0.000000 0.000000 -1.681697 1757231083.009085
1.974544 -0.775980 0.750000 0.000000 0.000000 -1.681697 1757231084.004094
1.974544 -0.775980 0.750000 0.000000 0.000000 -1.681697 1757231084.993991
1.974544 -0.775980 0.750000 0.000000 0.000000 -1.681697 1757231086.039993
1.974544 -0.775980 0.750000 0.000000 0.000000 -1.681697 1757231087.029994
1.974544 -0.775980 0.750000 0.000000 0.000000 -1.681697 1757231088.034996
1.974544 -0.775980 0.750000 0.000000 0.000000 -1.681697 1757231089.043678
1.974544 -0.775980 0.750000 0.000000 0.000000 -1.681697 1757231089.996047
1.974544 -0.775980 0.750000 0.000000 0.000000 -1.681697 1757231091.016045
1.974544 -0.775980 0.750000 0.000000 0.000000 -1.681697 1757231092.026042
1.974544 -0.775980 0.750000 0.000000 0.000000 -1.681697 1757231093.029997
1.974544 -0.775980 0.750000 0.000000 0.000000 -1.681697 1757231093.999959
1.974544 -0.775980 0.750000 0.000000 0.000000 -1.681697 1757231095.019974
1.974544 -0.775980 0.750000 0.000000 0.000000 -1.681697 1757231096.029977
1.974544 -0.775980 0.750000 0.000000 0.000000 -1.681697 1757231097.029960
1.974544 -0.775980 0.750000 0.000000 0.000000 -1.681697 1757231098.019974
1.974544 -0.775980 0.750000 0.000000 0.000000 -1.681697 1757231099.043031
1.974544 -0.775980 0.750000 0.000000 0.000000 -1.681697 1757231100.025630
1.974544 -0.775980 0.750000 0.000000 0.000000 -1.681697 1757231101.011015
1.974544 -0.775980 0.750000 0.000000 0.000000 -1.681697 1757231102.027101
1.974544 -0.775980 0.750000 0.000000 0.000000 -1.681697 1757231103.022095
1.974544 -0.775980 0.750000 0.000000 0.000000 -1.681697 1757231104.024934
1.974544 -0.775980 0.750000 0.000000 0.000000 -1.681697 1757231105.007812
1.974544 -0.775980 0.750000 0.000000 0.000000 -1.681697 1757231106.022811
1.974544 -0.775980 0.750000 0.000000 0.000000 -1.681697 1757231107.037815
1.974544 -0.775980 0.750000 0.000000 0.000000 -1.681697 1757231108.037817
1.974544 -0.775980 0.750000 0.000000 0.000000 -1.681697 1757231109.002815
1.974544 -0.775980 0.750000 0.000000 0.000000 -1.681697 1757231110.030025
1.974544 -0.775980 0.750000 0.000000 0.000000 -1.681697 1757231111.020022
1.974544 -0.775980 0.750000 0.000000 0.000000 -1.681697 1757231112.030023
1.974544 -0.775980 0.750000 0.000000 0.000000 -1.681697 1757231113.040022
1.974544 -0.775980 0.750000 0.000000 0.000000 -1.681697 1757231114.010023
1.974544 -0.775980 0.750000 0.000000 0.000000 -1.681697 1757231115.020025
1.974544 -0.775980 0.750000 0.000000 0.000000 -1.681697 1757231116.028028
1.974544 -0.775980 0.750000 0.000000 0.000000 -1.681697 1757231117.038032
1.974544 -0.775980 0.750000 0.000000 0.000000 -1.681697 1757231118.028031
1.974544 -0.775980 0.750000 0.000000 0.000000 -1.681697 1757231119.023030
1.974544 -0.775980 0.750000 0.000000 0.000000 -1.681697 1757231120.024972
1.974544 -0.775980 0.750000 0.000000 0.000000 -1.681697 1757231121.025002
1.974544 -0.775980 0.750000 0.000000 0.000000 -1.681697 1757231122.016903
1.974544 -0.775980 0.750000 0.000000 0.000000 -1.681697 1757231123.024678
1.974544 -0.775980 0.750000 0.000000 0.000000 -1.681697 1757231124.019684
1.974544 -0.775980 0.750000 0.000000 0.000000 -1.681697 1757231125.010800
1.974544 -0.775980 0.750000 0.000000 0.000000 -1.681697 1757231126.028939
1.974544 -0.775980 0.750000 0.000000 0.000000 -1.681697 1757231127.036983
1.974544 -0.775980 0.750000 0.000000 0.000000 -1.681697 1757231128.030967
1.974544 -0.775980 0.750000 0.000000 0.000000 -1.681697 1757231129.005970
1.974544 -0.775980 0.750000 0.000000 0.000000 -1.681697 1757231130.042035
1.974544 -0.775980 0.750000 0.000000 0.000000 -1.681697 1757231131.007251
1.974544 -0.775980 0.750000 0.000000 0.000000 -1.681697 1757231132.012249
1.974544 -0.775980 0.750000 0.000000 0.000000 -1.681697 1757231133.002248
1.974544 -0.775980 0.750000 0.000000 0.000000 -1.681697 1757231134.002248
1.974544 -0.775980 0.750000 0.000000 0.000000 -1.681697 1757231135.027027
1.974544 -0.775980 0.750000 0.000000 0.000000 -1.681697 1757231136.022023
1.974544 -0.775980 0.750000 0.000000 0.000000 -1.681697 1757231137.042021
1.974544 -0.775980 0.750000 0.000000 0.000000 -1.681697 1757231138.007022
1.974544 -0.775980 0.750000 0.000000 0.000000 -1.681697 1757231139.007027
1.974544 -0.775980 0.750000 0.000000 0.000000 -1.681697 1757231140.032019
1.974544 -0.775980 0.750000 0.000000 0.000000 -1.681697 1757231141.042020
1.974544 -0.775980 0.750000 0.000000 0.000000 -1.681697 1757231142.042019
1.974544 -0.775980 0.750000 0.000000 0.000000 -1.681697 1757231143.042019
1.974544 -0.775980 0.750000 0.000000 0.000000 -1.681697 1757231144.042077
1.974544 -0.775980 0.750000 0.000000 0.000000 -1.681697 1757231145.032018
1.974544 -0.775980 0.750000 0.000000 0.000000 -1.681697 1757231146.027026
1.974544 -0.775980 0.750000 0.000000 0.000000 -1.681697 1757231147.027022
1.974544 -0.775980 0.750000 0.000000 0.000000 -1.681697 1757231148.003008
1.974544 -0.775980 0.750000 0.000000 0.000000 -1.681697 1757231149.010544
1.974544 -0.775980 0.750000 0.000000 0.000000 -1.681697 1757231150.021971
1.974544 -0.775980 0.750000 0.000000 0.000000 -1.681697 1757231151.017863
1.974544 -0.775980 0.750000 0.000000 0.000000 -1.681697 1757231152.004920
1.974544 -0.775980 0.750000 0.000000 0.000000 -1.681697 1757231153.040028
1.974544 -0.775980 0.750000 0.000000 0.000000 -1.681697 1757231154.022029
1.974544 -0.775980 0.750000 0.000000 0.000000 -1.681697 1757231155.042967
1.974544 -0.775980 0.750000 0.000000 0.000000 -1.681697 1757231156.012967
1.974544 -0.775980 0.750000 0.000000 0.000000 -1.681697 1757231157.007966
1.974544 -0.775980 0.750000 0.000000 0.000000 -1.681697 1757231158.036956
1.974544 -0.775980 0.750000 0.000000 0.000000 -1.681697 1757231159.015983
1.974544 -0.775980 0.750000 0.000000 0.000000 -1.681697 1757231160.043014
1.974544 -0.775980 0.750000 0.000000 0.000000 -1.681697 1757231161.037997
1.974544 -0.775980 0.750000 0.000000 0.000000 -1.681697 1757231162.032997
1.974544 -0.775980 0.750000 0.000000 0.000000 -1.681697 1757231163.007997
1.974544 -0.775980 0.750000 0.000000 0.000000 -1.681697 1757231164.017995
1.974544 -0.775980 0.750000 0.000000 0.000000 -1.681697 1757231165.007998
1.974544 -0.775980 0.750000 0.000000 0.000000 -1.681697 1757231166.002998
1.974544 -0.775980 0.750000 0.000000 0.000000 -1.681697 1757231167.029990
1.974544 -0.775980 0.750000 0.000000 0.000000 -1.681697 1757231168.024989
1.974544 -0.775980 0.750000 0.000000 0.000000 -1.681697 1757231169.010988
1.974544 -0.775980 0.750000 0.000000 0.000000 -1.681697 1757231170.017978
1.974544 -0.775980 0.750000 0.000000 0.000000 -1.681697 1757231171.007167
1.974544 -0.775980 0.750000 0.000000 0.000000 -1.681697 1757231172.032962
1.974544 -0.775980 0.750000 0.000000 0.000000 -1.681697 1757231173.043042
1.974544 -0.775980 0.750000 0.000000 0.000000 -1.681697 1757231174.003044
1.974544 -0.775980 0.750000 0.000000 0.000000 -1.681697 1757231175.003042
1.974544 -0.775980 0.750000 0.000000 0.000000 -1.681697 1757231176.025899
1.974544 -0.775980 0.750000 0.000000 0.000000 -1.681697 1757231177.000742
1.974544 -0.775980 0.750000 0.000000 0.000000 -1.681697 1757231178.027383
1.974544 -0.775980 0.750000 0.000000 0.000000 -1.681697 1757231179.027385
1.974544 -0.775980 0.750000 0.000000 0.000000 -1.681697 1757231180.047386
1.974544 -0.775980 0.750000 0.000000 0.000000 -1.681697 1757231181.042342
1.974544 -0.775980 0.750000 0.000000 0.000000 -1.681697 1757231181.997384
1.974544 -0.775980 0.750000 0.000000 0.000000 -1.681697 1757231183.037985
1.974544 -0.775980 0.750000 0.000000 0.000000 -1.681697 1757231184.000949
1.974544 -0.775980 0.750000 0.000000 0.000000 -1.681697 1757231185.023058
1.974544 -0.775980 0.750000 0.000000 0.000000 -1.681697 1757231186.041983
1.974544 -0.775980 0.750000 0.000000 0.000000 -1.681697 1757231187.002013
1.974544 -0.775980 0.750000 0.000000 0.000000 -1.681697 1757231188.020332
1.974544 -0.775980 0.750000 0.000000 0.000000 -1.681697 1757231189.035445
1.974544 -0.775980 0.750000 0.000000 0.000000 -1.681697 1757231190.035332
1.974544 -0.775980 0.750000 0.000000 0.000000 -1.681697 1757231191.040334
1.974544 -0.775980 0.750000 0.000000 0.000000 -1.681697 1757231192.000335
1.974544 -0.775980 0.750000 0.000000 0.000000 -1.681697 1757231193.010338
1.974544 -0.775980 0.750000 0.000000 0.000000 -1.681697 1757231194.045336
1.974544 -0.775980 0.750000 0.000000 0.000000 -1.681697 1757231195.006623
1.974544 -0.775980 0.750000 0.000000 0.000000 -1.681697 1757231196.012951
1.974544 -0.775980 0.750000 0.000000 0.000000 -1.681697 1757231197.040313
1.974544 -0.775980 0.750000 0.000000 0.000000 -1.681697 1757231198.004978
1.974544 -0.775980 0.750000 0.000000 0.000000 -1.681697 1757231199.033985
1.974544 -0.775980 0.750000 0.000000 0.000000 -1.681697 1757231200.023981
1.974544 -0.775980 0.750000 0.000000 0.000000 -1.681697 1757231201.027003
1.974544 -0.775980 0.750000 0.000000 0.000000 -1.681697 1757231202.019077
1.974544 -0.775980 0.750000 0.000000 0.000000 -1.681697 1757231203.055972
1.974544 -0.775980 0.750000 0.000000 0.000000 -1.681697 1757231204.035972
1.974544 -0.775980 0.750000 0.000000 0.000000 -1.681697 1757231205.025973
1.974544 -0.775980 0.750000 0.000000 0.000000 -1.681697 1757231206.025972
1.974544 -0.775980 0.750000 0.000000 0.000000 -1.681697 1757231207.009334
1.974544 -0.775980 0.750000 0.000000 0.000000 -1.681697 1757231208.044334
1.974544 -0.775980 0.750000 0.000000 0.000000 -1.681697 1757231209.044337
1.974544 -0.775980 0.750000 0.000000 0.000000 -1.681697 1757231210.025985
1.974544 -0.775980 0.750000 0.000000 0.000000 -1.681697 1757231211.025984
1.974544 -0.775980 0.750000 0.000000 0.000000 -1.681697 1757231212.025986
1.974544 -0.775980 0.750000 0.000000 0.000000 -1.681697 1757231213.024923
1.974544 -0.775980 0.750000 0.000000 0.000000 -1.681697 1757231214.009980
1.974544 -0.775980 0.750000 0.000000 0.000000 -1.681697 1757231215.022012
1.974544 -0.775980 0.750000 0.000000 0.000000 -1.681697 1757231216.037687
1.974544 -0.775980 0.750000 0.000000 0.000000 -1.681697 1757231217.002662
1.974544 -0.775980 0.750000 0.000000 0.000000 -1.681697 1757231218.042663
1.974544 -0.775980 0.750000 0.000000 0.000000 -1.681697 1757231219.038056
1.974544 -0.775980 0.750000 0.000000 0.000000 -1.681697 1757231219.998058
1.974544 -0.775980 0.750000 0.000000 0.000000 -1.681697 1757231221.028054
1.974544 -0.775980 0.750000 0.000000 0.000000 -1.681697 1757231222.038960
1.974544 -0.775980 0.750000 0.000000 0.000000 -1.681697 1757231223.033964
1.974544 -0.775980 0.750000 0.000000 0.000000 -1.681697 1757231224.014059
1.974544 -0.775980 0.750000 0.000000 0.000000 -1.681697 1757231225.014062
1.974544 -0.775980 0.750000 0.000000 0.000000 -1.681697 1757231226.033112
1.974544 -0.775980 0.750000 0.000000 0.000000 -1.681697 1757231227.021718
1.974544 -0.775980 0.750000 0.000000 0.000000 -1.681697 1757231228.016713
1.974544 -0.775980 0.750000 0.000000 0.000000 -1.681697 1757231229.008963
1.974544 -0.775980 0.750000 0.000000 0.000000 -1.681697 1757231230.009004
1.974544 -0.775980 0.750000 0.000000 0.000000 -1.681697 1757231231.045470
1.974544 -0.775980 0.750000 0.000000 0.000000 -1.681697 1757231232.045399
1.974544 -0.775980 0.750000 0.000000 0.000000 -1.681697 1757231233.007987
1.974544 -0.775980 0.750000 0.000000 0.000000 -1.681697 1757231234.002007
1.974544 -0.775980 0.750000 0.000000 0.000000 -1.681697 1757231235.042011
1.974544 -0.775980 0.750000 0.000000 0.000000 -1.681697 1757231236.032016
1.974544 -0.775980 0.750000 0.000000 0.000000 -1.681697 1757231237.043057
1.974544 -0.775980 0.750000 0.000000 0.000000 -1.681697 1757231238.003054
1.974544 -0.775980 0.750000 0.000000 0.000000 -1.681697 1757231239.044988
1.974544 -0.775980 0.750000 0.000000 0.000000 -1.681697 1757231239.999991
1.974544 -0.775980 0.750000 0.000000 0.000000 -1.681697 1757231241.004988
1.974544 -0.775980 0.750000 0.000000 0.000000 -1.681697 1757231242.039990
1.974544 -0.775980 0.750000 0.000000 0.000000 -1.681697 1757231243.004988
1.974544 -0.775980 0.750000 0.000000 0.000000 -1.681697 1757231244.014991
1.974544 -0.775980 0.750000 0.000000 0.000000 -1.681697 1757231245.039986
1.974544 -0.775980 0.750000 0.000000 0.000000 -1.681697 1757231245.999987
1.974544 -0.775980 0.750000 0.000000 0.000000 -1.681697 1757231247.039987
1.974544 -0.775980 0.750000 0.000000 0.000000 -1.681697 1757231248.030054
1.974544 -0.775980 0.750000 0.000000 0.000000 -1.681697 1757231249.049199
1.974544 -0.775980 0.750000 0.000000 0.000000 -1.681697 1757231250.001018
1.974544 -0.775980 0.750000 0.000000 0.000000 -1.681697 1757231251.040884
1.974544 -0.775980 0.750000 0.000000 0.000000 -1.681697 1757231251.999983
1.974544 -0.775980 0.750000 0.000000 0.000000 -1.681697 1757231253.039064
1.974544 -0.775980 0.750000 0.000000 0.000000 -1.681697 1757231254.040079
1.974544 -0.775980 0.750000 0.000000 0.000000 -1.681697 1757231255.001988
1.974544 -0.775980 0.750000 0.000000 0.000000 -1.681697 1757231256.006992
1.974544 -0.775980 0.750000 0.000000 0.000000 -1.681697 1757231257.041989
1.974544 -0.775980 0.750000 0.000000 0.000000 -1.681697 1757231258.004794
1.974544 -0.775980 0.750000 0.000000 0.000000 -1.681697 1757231259.024795
1.974544 -0.775980 0.750000 0.000000 0.000000 -1.681697 1757231259.997126
1.974544 -0.775980 0.750000 0.000000 0.000000 -1.681697 1757231261.031991
1.974544 -0.775980 0.750000 0.000000 0.000000 -1.681697 1757231262.021991
1.974544 -0.775980 0.750000 0.000000 0.000000 -1.681697 1757231263.012920
1.974544 -0.775980 0.750000 0.000000 0.000000 -1.681697 1757231264.011987
1.974544 -0.775980 0.750000 0.000000 0.000000 -1.681697 1757231265.006998
1.974544 -0.775980 0.750000 0.000000 0.000000 -1.681697 1757231266.022278
1.974544 -0.775980 0.750000 0.000000 0.000000 -1.681697 1757231267.018981
1.974544 -0.775980 0.750000 0.000000 0.000000 -1.681697 1757231268.013983
1.974544 -0.775980 0.750000 0.000000 0.000000 -1.681697 1757231269.018980
1.974544 -0.775980 0.750000 0.000000 0.000000 -1.681697 1757231270.023980
1.974544 -0.775980 0.750000 0.000000 0.000000 -1.681697 1757231271.023981
1.974544 -0.775980 0.750000 0.000000 0.000000 -1.681697 1757231272.036909
1.974544 -0.775980 0.750000 0.000000 0.000000 -1.681697 1757231273.019989
1.974544 -0.775980 0.750000 0.000000 0.000000 -1.681697 1757231274.037979
1.974544 -0.775980 0.750000 0.000000 0.000000 -1.681697 1757231275.002980
1.974544 -0.775980 0.750000 0.000000 0.000000 -1.681697 1757231276.007983
1.974544 -0.775980 0.750000 0.000000 0.000000 -1.681697 1757231277.012974
1.974544 -0.775980 0.750000 0.000000 0.000000 -1.681697 1757231277.992996
1.974544 -0.775980 0.750000 0.000000 0.000000 -1.681697 1757231279.008078
1.974544 -0.775980 0.750000 0.000000 0.000000 -1.681697 1757231280.013079
1.974544 -0.775980 0.750000 0.000000 0.000000 -1.681697 1757231281.028241
1.974544 -0.775980 0.750000 0.000000 0.000000 -1.681697 1757231282.043077
1.974544 -0.775980 0.750000 0.000000 0.000000 -1.681697 1757231283.031975
1.974544 -0.775980 0.750000 0.000000 0.000000 -1.681697 1757231284.005079
1.974544 -0.775980 0.750000 0.000000 0.000000 -1.681697 1757231285.045970
1.974544 -0.775980 0.750000 0.000000 0.000000 -1.681697 1757231286.010968
1.974544 -0.775980 0.750000 0.000000 0.000000 -1.681697 1757231287.020973
1.974544 -0.775980 0.750000 0.000000 0.000000 -1.681697 1757231288.035974
1.974544 -0.775980 0.750000 0.000000 0.000000 -1.681697 1757231289.025970
1.974544 -0.775980 0.750000 0.000000 0.000000 -1.681697 1757231290.030974
1.974544 -0.775980 0.750000 0.000000 0.000000 -1.681697 1757231291.034015
1.974544 -0.775980 0.750000 0.000000 0.000000 -1.681697 1757231292.019010
1.974544 -0.775980 0.750000 0.000000 0.000000 -1.681697 1757231293.038414
1.974544 -0.775980 0.750000 0.000000 0.000000 -1.681697 1757231294.037001
1.974544 -0.775980 0.750000 0.000000 0.000000 -1.681697 1757231295.016133
1.974544 -0.775980 0.750000 0.000000 0.000000 -1.681697 1757231296.026131
1.974544 -0.775980 0.750000 0.000000 0.000000 -1.681697 1757231297.036002
1.974544 -0.775980 0.750000 0.000000 0.000000 -1.681697 1757231298.035998
1.974544 -0.775980 0.750000 0.000000 0.000000 -1.681697 1757231299.029164
1.974544 -0.775980 0.750000 0.000000 0.000000 -1.681697 1757231300.015510
1.974544 -0.775980 0.750000 0.000000 0.000000 -1.681697 1757231301.041175
1.974544 -0.775980 0.750000 0.000000 0.000000 -1.681697 1757231302.050530
1.974544 -0.775980 0.750000 0.000000 0.000000 -1.681697 1757231303.043010
1.974544 -0.775980 0.750000 0.000000 0.000000 -1.681697 1757231303.995018
1.974544 -0.775980 0.750000 0.000000 0.000000 -1.681697 1757231305.010171
1.974544 -0.775980 0.750000 0.000000 0.000000 -1.681697 1757231306.015020
1.974544 -0.775980 0.750000 0.000000 0.000000 -1.681697 1757231307.031830
1.974544 -0.775980 0.750000 0.000000 0.000000 -1.681697 1757231308.029975
1.974544 -0.775980 0.750000 0.000000 0.000000 -1.681697 1757231309.024967
1.974544 -0.775980 0.750000 0.000000 0.000000 -1.681697 1757231310.025172
1.974544 -0.775980 0.750000 0.000000 0.000000 -1.681697 1757231311.020172
1.974544 -0.775980 0.750000 0.000000 0.000000 -1.681697 1757231312.030175
1.974544 -0.775980 0.750000 0.000000 0.000000 -1.681697 1757231313.032980
1.974544 -0.775980 0.750000 0.000000 0.000000 -1.681697 1757231314.027974
1.974544 -0.775980 0.750000 0.000000 0.000000 -1.681697 1757231315.039006
1.974544 -0.775980 0.750000 0.000000 0.000000 -1.681697 1757231316.044003
1.974544 -0.775980 0.750000 0.000000 0.000000 -1.681697 1757231317.044004
1.974544 -0.775980 0.750000 0.000000 0.000000 -1.681697 1757231318.009970
1.974544 -0.775980 0.750000 0.000000 0.000000 -1.681697 1757231319.040332
1.974544 -0.775980 0.750000 0.000000 0.000000 -1.681697 1757231320.036246
1.974544 -0.775980 0.750000 0.000000 0.000000 -1.681697 1757231321.024594
1.974544 -0.775980 0.750000 0.000000 0.000000 -1.681697 1757231322.009587
1.974544 -0.775980 0.750000 0.000000 0.000000 -1.681697 1757231323.015971
1.974544 -0.775980 0.750000 0.000000 0.000000 -1.681697 1757231324.045967
1.974544 -0.775980 0.750000 0.000000 0.000000 -1.681697 1757231325.007026
1.974544 -0.775980 0.750000 0.000000 0.000000 -1.681697 1757231326.010033
1.974544 -0.775980 0.750000 0.000000 0.000000 -1.681697 1757231327.009422
1.974544 -0.775980 0.750000 0.000000 0.000000 -1.681697 1757231328.043677
1.974544 -0.775980 0.750000 0.000000 0.000000 -1.681697 1757231329.018675
1.974544 -0.775980 0.750000 0.000000 0.000000 -1.681697 1757231330.042489
1.974544 -0.775980 0.750000 0.000000 0.000000 -1.681697 1757231331.042521
1.974544 -0.775980 0.750000 0.000000 0.000000 -1.681697 1757231332.027487
1.974544 -0.775980 0.750000 0.000000 0.000000 -1.681697 1757231333.012495
1.974544 -0.775980 0.750000 0.000000 0.000000 -1.681697 1757231334.017972
1.974544 -0.775980 0.750000 0.000000 0.000000 -1.681697 1757231335.039439
1.974544 -0.775980 0.750000 0.000000 0.000000 -1.681697 1757231336.029427
1.974544 -0.775980 0.750000 0.000000 0.000000 -1.681697 1757231337.001990
1.974544 -0.775980 0.750000 0.000000 0.000000 -1.681697 1757231338.041991
1.974544 -0.775980 0.750000 0.000000 0.000000 -1.681697 1757231339.032057
1.974544 -0.775980 0.750000 0.000000 0.000000 -1.681697 1757231340.002054
1.974544 -0.775980 0.750000 0.000000 0.000000 -1.681697 1757231341.008938
1.974544 -0.775980 0.750000 0.000000 0.000000 -1.681697 1757231342.014077
1.974544 -0.775980 0.750000 0.000000 0.000000 -1.681697 1757231343.044072
1.974544 -0.775980 0.750000 0.000000 0.000000 -1.681697 1757231344.004072
1.974544 -0.775980 0.750000 0.000000 0.000000 -1.681697 1757231345.049078
1.974544 -0.775980 0.750000 0.000000 0.000000 -1.681697 1757231346.024071
1.974544 -0.775980 0.750000 0.000000 0.000000 -1.681697 1757231347.034075
1.974544 -0.775980 0.750000 0.000000 0.000000 -1.681697 1757231348.030085
1.974544 -0.775980 0.750000 0.000000 0.000000 -1.681697 1757231349.031977
1.974544 -0.775980 0.750000 0.000000 0.000000 -1.681697 1757231350.013554
1.974544 -0.775980 0.750000 0.000000 0.000000 -1.681697 1757231351.020037
1.974544 -0.775980 0.750000 0.000000 0.000000 -1.681697 1757231352.035034
1.974544 -0.775980 0.750000 0.000000 0.000000 -1.681697 1757231353.040039
1.974544 -0.775980 0.750000 0.000000 0.000000 -1.681697 1757231354.000039
