0.000000 0.000000 0.750000 0.000000 -0.000000 0.000000 1757231445.275256
0.000000 0.000000 0.750000 0.000000 -0.000000 0.000000 1757231446.252841
0.000000 0.000000 0.750000 0.000000 -0.000000 0.000000 1757231447.278278
0.000000 0.000000 0.750000 0.000000 -0.000000 0.000000 1757231448.252900
0.000000 0.000000 0.750000 0.000000 -0.000000 0.000000 1757231449.259075
0.000000 0.000000 0.750000 0.000000 -0.000000 0.000000 1757231450.263976
0.000000 0.000000 0.750000 0.000000 -0.000000 0.000000 1757231451.278979
0.000000 0.000000 0.750000 0.000000 -0.000000 0.000000 1757231452.254020
0.000000 0.000000 0.750000 0.000000 -0.000000 0.000000 1757231453.254025
0.000000 0.000000 0.750000 0.000000 -0.000000 0.000000 1757231454.264711
0.000000 0.000000 0.750000 0.000000 -0.000000 0.000000 1757231455.269993
0.000000 0.000000 0.750000 0.000000 -0.000000 0.000000 1757231456.274575
0.000000 0.000000 0.750000 0.000000 -0.000000 0.000000 1757231457.270004
0.000000 0.000000 0.750000 0.000000 -0.000000 0.000000 1757231458.255002
0.000000 0.000000 0.750000 0.000000 -0.000000 0.000000 1757231459.244735
0.000000 0.000000 0.750000 0.000000 -0.000000 0.000000 1757231460.241979
0.000000 0.000000 0.750000 0.000000 -0.000000 0.000000 1757231461.262340
0.035513 -0.009444 0.750000 0.000000 0.000000 -0.274847 1757231462.253984
0.398842 -0.167778 0.750000 0.000000 0.000000 -0.534804 1757231463.260042
0.591837 -0.289129 0.750000 0.000000 0.000000 -0.586856 1757231464.270274
0.591837 -0.289129 0.750000 0.000000 0.000000 -0.591602 1757231465.270267
0.591837 -0.289129 0.750000 0.000000 0.000000 -0.591773 1757231466.280276
0.591837 -0.289129 0.750000 0.000000 0.000000 -0.591777 1757231467.270274
0.592743 -0.289915 0.750000 0.000000 0.000000 -0.717560 1757231468.252914
0.905876 -0.642388 0.750000 0.000000 0.000000 -0.950329 1757231469.269964
1.004130 -0.790475 0.750000 0.000000 0.000000 -1.021898 1757231470.276720
1.004130 -0.790475 0.750000 0.000000 0.000000 -1.027662 1757231471.241983
1.004130 -0.790475 0.750000 0.000000 0.000000 -1.027949 1757231472.266005
1.004130 -0.790475 0.750000 0.000000 0.000000 -1.027956 1757231473.271038
1.004130 -0.790475 0.750000 0.000000 0.000000 -1.054948 1757231474.246868
1.070169 -0.956425 0.750000 0.000000 0.000000 -1.226034 1757231475.245848
1.078781 -0.980745 0.750000 0.000000 0.000000 -1.245262 1757231476.280013
1.078781 -0.980745 0.750000 0.000000 0.000000 -1.246084 1757231477.270017
1.078781 -0.980745 0.750000 0.000000 0.000000 -1.246112 1757231478.275988
1.078781 -0.980745 0.750000 0.000000 0.000000 -1.246112 1757231479.247992
1.078781 -0.980745 0.750000 0.000000 0.000000 -1.246112 1757231480.288036
1.090657 -1.121224 0.750000 0.000000 0.000000 -1.508566 1757231481.237991
1.098681 -1.335553 0.750000 0.000000 0.000000 -1.558029 1757231482.257992
1.098681 -1.335553 0.750000 0.000000 0.000000 -1.562187 1757231483.242978
1.098681 -1.335553 0.750000 0.000000 0.000000 -1.562345 1757231484.267180
1.098681 -1.335553 0.750000 0.000000 0.000000 -1.562349 1757231485.266963
1.098681 -1.335553 0.750000 0.000000 0.000000 -1.562349 1757231486.239741
1.069394 -1.439018 0.750000 0.000000 0.000000 -1.874410 1757231487.274622
0.902007 -1.801315 0.750000 0.000000 0.000000 -2.101305 1757231488.256042
0.854106 -1.880501 0.750000 0.000000 0.000000 -2.139559 1757231489.277048
0.854106 -1.880501 0.750000 0.000000 0.000000 -2.141487 1757231490.252918
0.854106 -1.880501 0.750000 0.000000 0.000000 -2.141557 1757231491.268071
0.854106 -1.880501 0.750000 0.000000 0.000000 -2.141557 1757231492.238066
0.854106 -1.880501 0.750000 0.000000 0.000000 -2.141557 1757231493.260986
0.854106 -1.880501 0.750000 0.000000 0.000000 -2.141557 1757231494.255984
0.711149 -2.103159 0.750000 0.000000 0.000000 -2.141557 1757231495.248998
0.631405 -2.227365 0.750000 0.000000 0.000000 -2.141559 1757231496.248911
0.631405 -2.227365 0.750000 0.000000 0.000000 -2.141559 1757231497.264969
0.631405 -2.227365 0.750000 0.000000 0.000000 -2.141559 1757231498.269972
0.631405 -2.227365 0.750000 0.000000 0.000000 -2.141559 1757231499.240983
0.733651 -2.032562 0.750000 0.000000 0.000000 -2.025187 1757231500.258995
0.888855 -1.665675 0.750000 0.000000 0.000000 -1.921621 1757231501.249213
0.903826 -1.624194 0.750000 0.000000 0.000000 -1.906242 1757231502.254042
0.903826 -1.624194 0.750000 0.000000 0.000000 -1.905578 1757231503.258995
0.903826 -1.624194 0.750000 0.000000 0.000000 -1.905557 1757231504.258997
0.903826 -1.624194 0.750000 0.000000 0.000000 -1.905557 1757231505.255375
0.903826 -1.624194 0.750000 0.000000 0.000000 -1.905557 1757231506.258994
1.000023 -1.347647 0.750000 0.000000 0.000000 -1.905557 1757231507.242980
1.043784 -1.221840 0.750000 0.000000 0.000000 -1.905571 1757231508.262981
1.043784 -1.221840 0.750000 0.000000 0.000000 -1.905571 1757231509.267986
1.043784 -1.221840 0.750000 0.000000 0.000000 -1.905571 1757231510.252988
1.043784 -1.221840 0.750000 0.000000 0.000000 -1.905571 1757231511.259024
1.043784 -1.221840 0.750000 0.000000 0.000000 -1.905571 1757231512.252009
1.043784 -1.221840 0.750000 0.000000 0.000000 -2.050465 1757231513.250375
1.203310 -1.017748 0.750000 0.000000 0.000000 -2.359131 1757231514.272354
1.463142 -0.795794 0.750000 0.000000 0.000000 -2.474910 1757231515.244897
1.513719 -0.756496 0.750000 0.000000 0.000000 -2.492560 1757231516.261993
1.513719 -0.756496 0.750000 0.000000 0.000000 -2.493310 1757231517.246989
1.513719 -0.756496 0.750000 0.000000 0.000000 -2.493334 1757231518.257971
1.513719 -0.756496 0.750000 0.000000 0.000000 -2.493334 1757231519.247972
1.513719 -0.756496 0.750000 0.000000 0.000000 -2.008169 1757231520.248016
1.396178 -1.157897 0.750000 0.000000 0.000000 -1.798332 1757231521.262977
1.348861 -1.394835 0.750000 0.000000 0.000000 -1.739640 1757231522.262980
1.348861 -1.394835 0.750000 0.000000 0.000000 -1.734029 1757231523.238981
1.348861 -1.394835 0.750000 0.000000 0.000000 -1.733803 1757231524.240973
1.348861 -1.394835 0.750000 0.000000 0.000000 -1.733799 1757231525.243198
1.348861 -1.394835 0.750000 0.000000 0.000000 -1.834676 1757231526.276898
1.521132 -0.996970 0.750000 0.000000 0.000000 -2.079132 1757231527.270178
1.642149 -0.801883 0.750000 0.000000 0.000000 -2.171318 1757231528.282031
1.642149 -0.801883 0.750000 0.000000 0.000000 -2.179921 1757231529.267033
1.642149 -0.801883 0.750000 0.000000 0.000000 -2.180253 1757231530.263463
1.642149 -0.801883 0.750000 0.000000 0.000000 -2.180263 1757231531.264984
1.642149 -0.801883 0.750000 0.000000 0.000000 -2.180263 1757231532.254988
1.640156 -0.812192 0.750000 0.000000 0.000000 -1.753092 1757231533.265005
1.622032 -1.163325 0.750000 0.000000 0.000000 -1.488865 1757231534.280878
1.654617 -1.451399 0.750000 0.000000 0.000000 -1.431291 1757231535.250872
1.656130 -1.462092 0.750000 0.000000 0.000000 -1.423899 1757231536.256241
1.656130 -1.462092 0.750000 0.000000 0.000000 -1.423592 1757231537.251242
1.656130 -1.462092 0.750000 0.000000 0.000000 -1.423584 1757231538.241242
1.656130 -1.462092 0.750000 0.000000 0.000000 -1.492220 1757231539.259986
1.698056 -1.223440 0.750000 0.000000 0.000000 -1.840219 1757231540.262233
1.807602 -0.910555 0.750000 0.000000 0.000000 -1.953365 1757231541.251971
1.822547 -0.873884 0.750000 0.000000 0.000000 -1.969306 1757231542.272032
1.822547 -0.873884 0.750000 0.000000 0.000000 -1.969951 1757231543.251973
1.822547 -0.873884 0.750000 0.000000 0.000000 -1.969975 1757231544.241966
1.822547 -0.873884 0.750000 0.000000 0.000000 -1.969975 1757231545.280957
1.822547 -0.873884 0.750000 0.000000 0.000000 -1.836798 1757231546.276010
1.818370 -1.134746 0.750000 0.000000 0.000000 -1.542850 1757231547.244921
1.836643 -1.407524 0.750000 0.000000 0.000000 -1.469521 1757231548.275851
1.836841 -1.409464 0.750000 0.000000 0.000000 -1.460575 1757231549.280926
1.836841 -1.409464 0.750000 0.000000 0.000000 -1.460274 1757231550.255907
1.836841 -1.409464 0.750000 0.000000 0.000000 -1.460267 1757231551.260900
1.836841 -1.409464 0.750000 0.000000 0.000000 -1.460267 1757231552.275904
1.830951 -1.344632 0.750000 0.000000 0.000000 -1.489500 1757231553.250095
1.823853 -0.898488 0.750000 0.000000 0.000000 -1.621453 1757231554.255687
1.828375 -0.823475 0.750000 0.000000 0.000000 -1.646922 1757231555.270691
1.828375 -0.823475 0.750000 0.000000 0.000000 -1.648119 1757231556.235958
1.828375 -0.823475 0.750000 0.000000 0.000000 -1.648167 1757231557.249420
1.828375 -0.823475 0.750000 0.000000 0.000000 -1.648167 1757231558.259413
1.828375 -0.823475 0.750000 0.000000 0.000000 -1.648167 1757231559.262614
1.820199 -1.047843 0.750000 0.000000 0.000000 -1.577152 1757231560.286280
1.831696 -1.365850 0.750000 0.000000 0.000000 -1.497041 1757231561.296280
1.832937 -1.382303 0.750000 0.000000 0.000000 -1.487466 1757231562.256279
1.832937 -1.382303 0.750000 0.000000 0.000000 -1.487070 1757231563.255124
1.832937 -1.382303 0.750000 0.000000 0.000000 -1.487058 1757231564.258243
1.832937 -1.382303 0.750000 0.000000 0.000000 -1.487058 1757231565.271194
1.832937 -1.382303 0.750000 0.000000 0.000000 -1.487058 1757231566.285972
1.826281 -0.986140 0.750000 0.000000 0.000000 -1.613196 1757231567.245968
1.838515 -0.803716 0.750000 0.000000 0.000000 -1.663740 1757231568.259972
1.838515 -0.803716 0.750000 0.000000 0.000000 -1.667889 1757231569.250692
1.838515 -0.803716 0.750000 0.000000 0.000000 -1.668048 1757231570.288246
1.838515 -0.803716 0.750000 0.000000 0.000000 -1.668050 1757231571.236977
1.838515 -0.803716 0.750000 0.000000 0.000000 -1.668050 1757231572.288018
1.827199 -0.989802 0.750000 0.000000 0.000000 -1.606836 1757231573.242973
1.829442 -1.328853 0.750000 0.000000 0.000000 -1.526339 1757231574.271966
1.830580 -1.353126 0.750000 0.000000 0.000000 -1.515636 1757231575.243460
1.830580 -1.353126 0.750000 0.000000 0.000000 -1.515172 1757231576.255969
1.830580 -1.353126 0.750000 0.000000 0.000000 -1.515158 1757231577.265994
1.830580 -1.353126 0.750000 0.000000 0.000000 -1.515158 1757231578.250969
1.829920 -1.338742 0.750000 0.000000 0.000000 -1.528894 1757231579.276680
1.839424 -0.897093 0.750000 0.000000 0.000000 -1.654564 1757231580.236686
1.850751 -0.781400 0.750000 0.000000 0.000000 -1.686633 1757231581.252740
1.850751 -0.781400 0.750000 0.000000 0.000000 -1.688585 1757231582.247739
1.850751 -0.781400 0.750000 0.000000 0.000000 -1.688652 1757231583.252738
1.850751 -0.781400 0.750000 0.000000 0.000000 -1.688652 1757231584.247736
1.850751 -0.781400 0.750000 0.000000 0.000000 -1.688652 1757231585.252742
1.852529 -0.948173 0.750000 0.000000 0.000000 -1.541989 1757231586.252739
1.864002 -1.189087 0.750000 0.000000 0.000000 -1.505939 1757231587.253970
1.864002 -1.189087 0.750000 0.000000 0.000000 -1.501907 1757231588.277004
1.864002 -1.189087 0.750000 0.000000 0.000000 -1.501772 1757231589.253325
1.864002 -1.189087 0.750000 0.000000 0.000000 -1.501769 1757231590.243320
1.864002 -1.189087 0.750000 0.000000 0.000000 -1.501769 1757231591.263951
1.865006 -1.156104 0.750000 0.000000 0.000000 -1.613800 1757231592.263951
1.892696 -0.818745 0.750000 0.000000 0.000000 -1.681743 1757231593.273978
1.897331 -0.778209 0.750000 0.000000 0.000000 -1.691772 1757231594.263941
1.897331 -0.778209 0.750000 0.000000 0.000000 -1.692216 1757231595.258937
1.897331 -0.778209 0.750000 0.000000 0.000000 -1.692229 1757231596.253938
1.897331 -0.778209 0.750000 0.000000 0.000000 -1.692229 1757231597.266109
1.897331 -0.778209 0.750000 0.000000 0.000000 -1.693230 1757231598.276108
1.855499 -1.152917 0.750000 0.000000 0.000000 -1.650067 1757231599.236346
1.846152 -1.287892 0.750000 0.000000 0.000000 -1.627510 1757231600.235980
1.846152 -1.287892 0.750000 0.000000 0.000000 -1.626014 1757231601.276173
1.846152 -1.287892 0.750000 0.000000 0.000000 -1.625969 1757231602.246174
1.846152 -1.287892 0.750000 0.000000 0.000000 -1.625969 1757231603.246173
1.846152 -1.287892 0.750000 0.000000 0.000000 -1.625969 1757231604.242692
1.844314 -1.235276 0.750000 0.000000 0.000000 -1.525163 1757231605.282693
1.827947 -0.830466 0.750000 0.000000 0.000000 -1.541316 1757231606.242018
1.826013 -0.761043 0.750000 0.000000 0.000000 -1.545858 1757231607.262019
1.826013 -0.761043 0.750000 0.000000 0.000000 -1.546060 1757231608.262020
1.826013 -0.761043 0.750000 0.000000 0.000000 -1.546064 1757231609.272068
1.826013 -0.761043 0.750000 0.000000 0.000000 -1.546064 1757231610.229671
1.826013 -0.761043 0.750000 0.000000 0.000000 -1.546064 1757231611.229026
1.819809 -1.182938 0.750000 0.000000 0.000000 -1.578070 1757231612.267043
1.819242 -1.337736 0.750000 0.000000 0.000000 -1.570340 1757231613.242047
1.819242 -1.337736 0.750000 0.000000 0.000000 -1.569744 1757231614.242043
1.819242 -1.337736 0.750000 0.000000 0.000000 -1.569727 1757231615.268914
1.819242 -1.337736 0.750000 0.000000 0.000000 -1.569727 1757231616.255968
1.819242 -1.337736 0.750000 0.000000 0.000000 -1.569727 1757231617.265989
1.819107 -1.323037 0.750000 0.000000 0.000000 -1.558328 1757231618.275987
1.835540 -0.877287 0.750000 0.000000 0.000000 -1.677491 1757231619.279930
1.848481 -0.771126 0.750000 0.000000 0.000000 -1.712586 1757231620.264899
1.848481 -0.771126 0.750000 0.000000 0.000000 -1.714665 1757231621.269199
1.848481 -0.771126 0.750000 0.000000 0.000000 -1.714744 1757231622.244060
1.848481 -0.771126 0.750000 0.000000 0.000000 -1.714744 1757231623.236993
1.848481 -0.771126 0.750000 0.000000 0.000000 -1.714744 1757231624.274942
1.846030 -0.976585 0.750000 0.000000 0.000000 -1.561689 1757231625.279943
1.851171 -1.182613 0.750000 0.000000 0.000000 -1.530192 1757231626.251032
1.851171 -1.182613 0.750000 0.000000 0.000000 -1.527130 1757231627.236925
1.851171 -1.182613 0.750000 0.000000 0.000000 -1.527022 1757231628.246183
1.851171 -1.182613 0.750000 0.000000 0.000000 -1.527022 1757231629.255049
1.851171 -1.182613 0.750000 0.000000 0.000000 -1.527022 1757231630.250048
1.859409 -1.071929 0.750000 0.000000 0.000000 -1.661302 1757231631.243484
1.893053 -0.785327 0.750000 0.000000 0.000000 -1.710851 1757231632.241060
1.894782 -0.773149 0.750000 0.000000 0.000000 -1.717452 1757231633.271063
1.894782 -0.773149 0.750000 0.000000 0.000000 -1.717670 1757231634.259005
1.894782 -0.773149 0.750000 0.000000 0.000000 -1.717675 1757231635.275982
1.894782 -0.773149 0.750000 0.000000 0.000000 -1.717675 1757231636.250985
1.894782 -0.773149 0.750000 0.000000 0.000000 -1.717675 1757231637.244930
1.844673 -1.143199 0.750000 0.000000 0.000000 -1.670752 1757231638.234992
1.831772 -1.289779 0.750000 0.000000 0.000000 -1.644555 1757231639.234991
1.831772 -1.289779 0.750000 0.000000 0.000000 -1.642540 1757231640.274990
1.831772 -1.289779 0.750000 0.000000 0.000000 -1.642481 1757231641.269991
1.831772 -1.289779 0.750000 0.000000 0.000000 -1.642481 1757231642.257817
1.831772 -1.289779 0.750000 0.000000 0.000000 -1.642481 1757231643.236882
1.835042 -1.198191 0.750000 0.000000 0.000000 -1.597497 1757231644.271879
1.845940 -0.798141 0.750000 0.000000 0.000000 -1.600312 1757231645.261883
1.847404 -0.748963 0.750000 0.000000 0.000000 -1.601086 1757231646.271879
1.847404 -0.748963 0.750000 0.000000 0.000000 -1.601115 1757231647.241880
1.847404 -0.748963 0.750000 0.000000 0.000000 -1.601115 1757231648.241881
1.847404 -0.748963 0.750000 0.000000 0.000000 -1.601115 1757231649.241880
1.847404 -0.748963 0.750000 0.000000 0.000000 -1.601115 1757231650.237863
1.817368 -0.985557 0.750000 0.000000 0.000000 -1.689324 1757231651.275976
1.787683 -1.292201 0.750000 0.000000 0.000000 -1.647624 1757231652.245966
1.785807 -1.317030 0.750000 0.000000 0.000000 -1.641168 1757231653.280968
1.785807 -1.317030 0.750000 0.000000 0.000000 -1.640939 1757231654.270967
1.785807 -1.317030 0.750000 0.000000 0.000000 -1.640934 1757231655.240967
1.785807 -1.317030 0.750000 0.000000 0.000000 -1.640934 1757231656.267178
1.785807 -1.317030 0.750000 0.000000 0.000000 -1.640934 1757231657.276148
1.817459 -0.968990 0.750000 0.000000 0.000000 -1.724606 1757231658.241118
1.865361 -0.730373 0.750000 0.000000 0.000000 -1.810477 1757231659.241121
1.865361 -0.730373 0.750000 0.000000 0.000000 -1.818901 1757231660.248027
1.865361 -0.730373 0.750000 0.000000 0.000000 -1.819189 1757231661.258029
1.865361 -0.730373 0.750000 0.000000 0.000000 -1.819196 1757231662.235982
1.865361 -0.730373 0.750000 0.000000 0.000000 -1.819196 1757231663.245982
1.865361 -0.730373 0.750000 0.000000 0.000000 -1.637334 1757231664.265984
1.880192 -1.038192 0.750000 0.000000 0.000000 -1.491257 1757231665.240982
1.889151 -1.139948 0.750000 0.000000 0.000000 -1.470807 1757231666.250989
1.889151 -1.139948 0.750000 0.000000 0.000000 -1.469707 1757231667.250985
1.889151 -1.139948 0.750000 0.000000 0.000000 -1.469671 1757231668.245982
1.889151 -1.139948 0.750000 0.000000 0.000000 -1.469671 1757231669.245991
1.889151 -1.139948 0.750000 0.000000 0.000000 -1.469671 1757231670.280985
1.893282 -0.975770 0.750000 0.000000 0.000000 -1.615220 1757231671.265981
1.909063 -0.732245 0.750000 0.000000 0.000000 -1.654425 1757231672.257007
1.909063 -0.732245 0.750000 0.000000 0.000000 -1.658394 1757231673.264929
1.909063 -0.732245 0.750000 0.000000 0.000000 -1.658527 1757231674.242977
1.909063 -0.732245 0.750000 0.000000 0.000000 -1.658529 1757231675.277979
1.909063 -0.732245 0.750000 0.000000 0.000000 -1.658529 1757231676.248923
1.909111 -0.745895 0.750000 0.000000 0.000000 -1.558173 1757231677.247978
1.930777 -1.101116 0.750000 0.000000 0.000000 -1.479729 1757231678.267975
1.934766 -1.143378 0.750000 0.000000 0.000000 -1.469602 1757231679.259001
1.934766 -1.143378 0.750000 0.000000 0.000000 -1.469153 1757231680.259001
1.934766 -1.143378 0.750000 0.000000 0.000000 -1.469139 1757231681.264000
1.934766 -1.143378 0.750000 0.000000 0.000000 -1.469139 1757231682.280193
1.934766 -1.143378 0.750000 0.000000 0.000000 -1.469139 1757231683.262224
1.940600 -0.939938 0.750000 0.000000 0.000000 -1.620806 1757231684.248973
1.953928 -0.737433 0.750000 0.000000 0.000000 -1.651864 1757231685.245007
1.953928 -0.737433 0.750000 0.000000 0.000000 -1.655176 1757231686.272310
1.953928 -0.737433 0.750000 0.000000 0.000000 -1.655290 1757231687.279967
1.953928 -0.737433 0.750000 0.000000 0.000000 -1.655290 1757231688.249971
1.953928 -0.737433 0.750000 0.000000 0.000000 -1.655290 1757231689.279972
1.953831 -0.752132 0.750000 0.000000 0.000000 -1.568307 1757231690.274966
1.969889 -1.097302 0.750000 0.000000 0.000000 -1.496269 1757231691.253721
1.973959 -1.149343 0.750000 0.000000 0.000000 -1.485400 1757231692.255969
1.973959 -1.149343 0.750000 0.000000 0.000000 -1.484908 1757231693.259973
1.973959 -1.149343 0.750000 0.000000 0.000000 -1.484893 1757231694.264971
1.973959 -1.149343 0.750000 0.000000 0.000000 -1.484893 1757231695.280921
1.973959 -1.149343 0.750000 0.000000 0.000000 -1.484893 1757231696.289987
1.973959 -1.149343 0.750000 0.000000 0.000000 -1.484893 1757231697.261043
1.973959 -1.149343 0.750000 0.000000 0.000000 -1.484893 1757231698.266100
1.973959 -1.149343 0.750000 0.000000 0.000000 -1.484893 1757231699.261097
1.973959 -1.149343 0.750000 0.000000 0.000000 -1.484893 1757231700.273190
1.973959 -1.149343 0.750000 0.000000 0.000000 -1.484893 1757231701.268060
1.973959 -1.149343 0.750000 0.000000 0.000000 -1.484893 1757231702.276485
1.973959 -1.149343 0.750000 0.000000 0.000000 -1.484893 1757231703.266486
1.973959 -1.149343 0.750000 0.000000 0.000000 -1.484893 1757231704.270340
1.973959 -1.149343 0.750000 0.000000 0.000000 -1.484893 1757231705.277633
1.973959 -1.149343 0.750000 0.000000 0.000000 -1.484893 1757231706.291977
1.973959 -1.149343 0.750000 0.000000 0.000000 -1.484893 1757231707.254022
1.973959 -1.149343 0.750000 0.000000 0.000000 -1.484893 1757231708.264656
1.973959 -1.149343 0.750000 0.000000 0.000000 -1.484893 1757231709.251971
1.973959 -1.149343 0.750000 0.000000 0.000000 -1.484893 1757231710.275594
1.973959 -1.149343 0.750000 0.000000 0.000000 -1.484893 1757231711.240593
1.973959 -1.149343 0.750000 0.000000 0.000000 -1.484893 1757231712.285592
1.973959 -1.149343 0.750000 0.000000 0.000000 -1.484893 1757231713.239188
1.973959 -1.149343 0.750000 0.000000 0.000000 -1.484893 1757231714.244194
1.973959 -1.149343 0.750000 0.000000 0.000000 -1.484893 1757231715.284192
1.973959 -1.149343 0.750000 0.000000 0.000000 -1.484893 1757231716.239188
1.973959 -1.149343 0.750000 0.000000 0.000000 -1.484893 1757231717.234190
1.973959 -1.149343 0.750000 0.000000 0.000000 -1.484893 1757231718.272048
1.973959 -1.149343 0.750000 0.000000 0.000000 -1.484893 1757231719.268909
1.973959 -1.149343 0.750000 0.000000 0.000000 -1.484893 1757231720.258037
1.973959 -1.149343 0.750000 0.000000 0.000000 -1.484893 1757231721.278354
1.973959 -1.149343 0.750000 0.000000 0.000000 -1.484893 1757231722.278106
1.973959 -1.149343 0.750000 0.000000 0.000000 -1.484893 1757231723.241001
1.973959 -1.149343 0.750000 0.000000 0.000000 -1.484893 1757231724.268048
1.973959 -1.149343 0.750000 0.000000 0.000000 -1.484893 1757231725.253049
1.973959 -1.149343 0.750000 0.000000 0.000000 -1.484893 1757231726.245984
1.973959 -1.149343 0.750000 0.000000 0.000000 -1.484893 1757231727.280618
1.973959 -1.149343 0.750000 0.000000 0.000000 -1.484893 1757231728.240614
1.973959 -1.149343 0.750000 0.000000 0.000000 -1.484893 1757231729.240616
1.973959 -1.149343 0.750000 0.000000 0.000000 -1.484893 1757231730.267396
1.973959 -1.149343 0.750000 0.000000 0.000000 -1.484893 1757231731.272391
1.973959 -1.149343 0.750000 0.000000 0.000000 -1.484893 1757231732.267394
1.973959 -1.149343 0.750000 0.000000 0.000000 -1.484893 1757231733.268907
1.973959 -1.149343 0.750000 0.000000 0.000000 -1.484893 1757231734.269990
1.973959 -1.149343 0.750000 0.000000 0.000000 -1.484893 1757231735.237990
1.973959 -1.149343 0.750000 0.000000 0.000000 -1.484893 1757231736.277990
1.973959 -1.149343 0.750000 0.000000 0.000000 -1.484893 1757231737.267995
1.973959 -1.149343 0.750000 0.000000 0.000000 -1.484893 1757231738.267993
1.973959 -1.149343 0.750000 0.000000 0.000000 -1.484893 1757231739.262992
1.973959 -1.149343 0.750000 0.000000 0.000000 -1.484893 1757231740.256010
1.973959 -1.149343 0.750000 0.000000 0.000000 -1.484893 1757231741.247310
1.973959 -1.149343 0.750000 0.000000 0.000000 -1.484893 1757231742.262739
1.973959 -1.149343 0.750000 0.000000 0.000000 -1.484893 1757231743.262744
1.973959 -1.149343 0.750000 0.000000 0.000000 -1.484893 1757231744.249991
1.973959 -1.149343 0.750000 0.000000 0.000000 -1.484893 1757231745.269938
1.973959 -1.149343 0.750000 0.000000 0.000000 -1.484893 1757231746.245994
1.973959 -1.149343 0.750000 0.000000 0.000000 -1.484893 1757231747.235963
1.973959 -1.149343 0.750000 0.000000 0.000000 -1.484893 1757231748.262012
1.973959 -1.149343 0.750000 0.000000 0.000000 -1.484893 1757231749.258421
1.973959 -1.149343 0.750000 0.000000 0.000000 -1.484893 1757231750.258150
1.973959 -1.149343 0.750000 0.000000 0.000000 -1.484893 1757231751.278495
1.973959 -1.149343 0.750000 0.000000 0.000000 -1.484893 1757231752.280277
1.973959 -1.149343 0.750000 0.000000 0.000000 -1.484893 1757231753.239225
1.973959 -1.149343 0.750000 0.000000 0.000000 -1.484893 1757231754.234221
1.973959 -1.149343 0.750000 0.000000 0.000000 -1.484893 1757231755.226979
1.973959 -1.149343 0.750000 0.000000 0.000000 -1.484893 1757231756.242200
1.973959 -1.149343 0.750000 0.000000 0.000000 -1.484893 1757231757.277204
1.973959 -1.149343 0.750000 0.000000 0.000000 -1.484893 1757231758.260096
1.973959 -1.149343 0.750000 0.000000 0.000000 -1.484893 1757231759.270089
1.973959 -1.149343 0.750000 0.000000 0.000000 -1.484893 1757231760.270085
1.973959 -1.149343 0.750000 0.000000 0.000000 -1.484893 1757231761.270085
1.973959 -1.149343 0.750000 0.000000 0.000000 -1.484893 1757231762.295217
1.973959 -1.149343 0.750000 0.000000 0.000000 -1.484893 1757231763.273985
1.973959 -1.149343 0.750000 0.000000 0.000000 -1.484893 1757231764.233985
1.973959 -1.149343 0.750000 0.000000 0.000000 -1.484893 1757231765.243984
1.973959 -1.149343 0.750000 0.000000 0.000000 -1.484893 1757231766.238979
1.973959 -1.149343 0.750000 0.000000 0.000000 -1.484893 1757231767.243984
1.973959 -1.149343 0.750000 0.000000 0.000000 -1.484893 1757231768.260923
1.973959 -1.149343 0.750000 0.000000 0.000000 -1.484893 1757231769.245996
1.973959 -1.149343 0.750000 0.000000 0.000000 -1.484893 1757231770.252948
1.973959 -1.149343 0.750000 0.000000 0.000000 -1.484893 1757231771.262170
1.973959 -1.149343 0.750000 0.000000 0.000000 -1.484893 1757231772.235983
1.973959 -1.149343 0.750000 0.000000 0.000000 -1.484893 1757231773.263999
1.973959 -1.149343 0.750000 0.000000 0.000000 -1.484893 1757231774.274183
1.973959 -1.149343 0.750000 0.000000 0.000000 -1.484893 1757231775.275976
1.973959 -1.149343 0.750000 0.000000 0.000000 -1.484893 1757231776.242083
1.973959 -1.149343 0.750000 0.000000 0.000000 -1.484893 1757231777.247077
1.973959 -1.149343 0.750000 0.000000 0.000000 -1.484893 1757231778.292082
1.973959 -1.149343 0.750000 0.000000 0.000000 -1.484893 1757231779.262078
1.973959 -1.149343 0.750000 0.000000 0.000000 -1.484893 1757231780.274040
1.973959 -1.149343 0.750000 0.000000 0.000000 -1.484893 1757231781.276922
1.973959 -1.149343 0.750000 0.000000 0.000000 -1.484893 1757231782.254614
1.973959 -1.149343 0.750000 0.000000 0.000000 -1.484893 1757231783.264518
1.973959 -1.149343 0.750000 0.000000 0.000000 -1.484893 1757231784.270778
1.973959 -1.149343 0.750000 0.000000 0.000000 -1.484893 1757231785.269515
1.973959 -1.149343 0.750000 0.000000 0.000000 -1.484893 1757231786.254516
1.973959 -1.149343 0.750000 0.000000 0.000000 -1.484893 1757231787.254515
1.973959 -1.149343 0.750000 0.000000 0.000000 -1.484893 1757231788.264517
1.973959 -1.149343 0.750000 0.000000 0.000000 -1.484893 1757231789.252614
1.973959 -1.149343 0.750000 0.000000 0.000000 -1.484893 1757231790.282614
1.973959 -1.149343 0.750000 0.000000 0.000000 -1.484893 1757231791.230915
1.973959 -1.149343 0.750000 0.000000 0.000000 -1.484893 1757231792.265915
1.973959 -1.149343 0.750000 0.000000 0.000000 -1.484893 1757231793.242106
1.973959 -1.149343 0.750000 0.000000 0.000000 -1.484893 1757231794.267977
1.973959 -1.149343 0.750000 0.000000 0.000000 -1.484893 1757231795.278973
1.973959 -1.149343 0.750000 0.000000 0.000000 -1.484893 1757231796.273972
1.973959 -1.149343 0.750000 0.000000 0.000000 -1.484893 1757231797.239172
1.973959 -1.149343 0.750000 0.000000 0.000000 -1.484893 1757231798.240856
1.973959 -1.149343 0.750000 0.000000 0.000000 -1.484893 1757231799.250011
1.973959 -1.149343 0.750000 0.000000 0.000000 -1.484893 1757231800.267044
1.973959 -1.149343 0.750000 0.000000 0.000000 -1.484893 1757231801.271262
1.973959 -1.149343 0.750000 0.000000 0.000000 -1.484893 1757231802.246981
1.973959 -1.149343 0.750000 0.000000 0.000000 -1.484893 1757231803.258013
1.973959 -1.149343 0.750000 0.000000 0.000000 -1.484893 1757231804.259052
1.973959 -1.149343 0.750000 0.000000 0.000000 -1.484893 1757231805.279343
1.973959 -1.149343 0.750000 0.000000 0.000000 -1.484893 1757231806.279344
1.973959 -1.149343 0.750000 0.000000 0.000000 -1.484893 1757231807.274344
1.973959 -1.149343 0.750000 0.000000 0.000000 -1.484893 1757231808.279345
1.973959 -1.149343 0.750000 0.000000 0.000000 -1.484893 1757231809.279344
1.973959 -1.149343 0.750000 0.000000 0.000000 -1.484893 1757231810.254345
1.973959 -1.149343 0.750000 0.000000 0.000000 -1.484893 1757231811.247653
1.973959 -1.149343 0.750000 0.000000 0.000000 -1.484893 1757231812.263992
1.973959 -1.149343 0.750000 0.000000 0.000000 -1.484893 1757231813.258990
1.973959 -1.149343 0.750000 0.000000 0.000000 -1.484893 1757231814.274011
1.973959 -1.149343 0.750000 0.000000 0.000000 -1.484893 1757231815.277987
1.973959 -1.149343 0.750000 0.000000 0.000000 -1.484893 1757231816.242989
1.973959 -1.149343 0.750000 0.000000 0.000000 -1.484893 1757231817.257984
1.973959 -1.149343 0.750000 0.000000 0.000000 -1.484893 1757231818.262957
1.973959 -1.149343 0.750000 0.000000 0.000000 -1.484893 1757231819.262985
1.973959 -1.149343 0.750000 0.000000 0.000000 -1.484893 1757231820.267984
1.973959 -1.149343 0.750000 0.000000 0.000000 -1.484893 1757231821.242892
1.973959 -1.149343 0.750000 0.000000 0.000000 -1.484893 1757231822.260293
1.973959 -1.149343 0.750000 0.000000 0.000000 -1.484893 1757231823.259002
1.973959 -1.149343 0.750000 0.000000 0.000000 -1.484893 1757231824.277206
1.973959 -1.149343 0.750000 0.000000 0.000000 -1.484893 1757231825.288015
1.973959 -1.149343 0.750000 0.000000 0.000000 -1.484893 1757231826.248016
1.973959 -1.149343 0.750000 0.000000 0.000000 -1.484893 1757231827.258033
1.973959 -1.149343 0.750000 0.000000 0.000000 -1.484893 1757231828.258013
1.973959 -1.149343 0.750000 0.000000 0.000000 -1.484893 1757231829.263038
1.973959 -1.149343 0.750000 0.000000 0.000000 -1.484893 1757231830.248016
1.973959 -1.149343 0.750000 0.000000 0.000000 -1.484893 1757231831.263016
1.973959 -1.149343 0.750000 0.000000 0.000000 -1.484893 1757231832.268015
1.973959 -1.149343 0.750000 0.000000 0.000000 -1.484893 1757231833.259994
1.973959 -1.149343 0.750000 0.000000 0.000000 -1.484893 1757231834.243318
1.973959 -1.149343 0.750000 0.000000 0.000000 -1.484893 1757231835.231969
1.973959 -1.149343 0.750000 0.000000 0.000000 -1.484893 1757231836.242983
1.973959 -1.149343 0.750000 0.000000 0.000000 -1.484893 1757231837.288065
1.973959 -1.149343 0.750000 0.000000 0.000000 -1.484893 1757231838.237557
1.973959 -1.149343 0.750000 0.000000 0.000000 -1.484893 1757231839.257560
1.973959 -1.149343 0.750000 0.000000 0.000000 -1.484893 1757231840.287004
1.973959 -1.149343 0.750000 0.000000 0.000000 -1.484893 1757231841.255175
1.973959 -1.149343 0.750000 0.000000 0.000000 -1.484893 1757231842.259980
1.973959 -1.149343 0.750000 0.000000 0.000000 -1.484893 1757231843.254999
1.973959 -1.149343 0.750000 0.000000 0.000000 -1.484893 1757231844.246994
1.973959 -1.149343 0.750000 0.000000 0.000000 -1.484893 1757231845.241995
1.973959 -1.149343 0.750000 0.000000 0.000000 -1.484893 1757231846.239090
1.973959 -1.149343 0.750000 0.000000 0.000000 -1.484893 1757231847.251118
1.973959 -1.149343 0.750000 0.000000 0.000000 -1.484893 1757231848.241988
1.973959 -1.149343 0.750000 0.000000 0.000000 -1.484893 1757231849.241993
1.973959 -1.149343 0.750000 0.000000 0.000000 -1.484893 1757231850.231988
1.973959 -1.149343 0.750000 0.000000 0.000000 -1.484893 1757231851.241991
1.973959 -1.149343 0.750000 0.000000 0.000000 -1.484893 1757231852.271986
1.973959 -1.149343 0.750000 0.000000 0.000000 -1.484893 1757231853.278000
1.973959 -1.149343 0.750000 0.000000 0.000000 -1.484893 1757231854.236979
1.973959 -1.149343 0.750000 0.000000 0.000000 -1.484893 1757231855.274974
1.973959 -1.149343 0.750000 0.000000 0.000000 -1.484893 1757231856.239977
1.973959 -1.149343 0.750000 0.000000 0.000000 -1.484893 1757231857.249973
1.973959 -1.149343 0.750000 0.000000 0.000000 -1.484893 1757231858.239974
1.973959 -1.149343 0.750000 0.000000 0.000000 -1.484893 1757231859.234977
1.973959 -1.149343 0.750000 0.000000 0.000000 -1.484893 1757231860.274975
1.973959 -1.149343 0.750000 0.000000 0.000000 -1.484893 1757231861.274975
1.973959 -1.149343 0.750000 0.000000 0.000000 -1.484893 1757231862.241241
1.973959 -1.149343 0.750000 0.000000 0.000000 -1.484893 1757231863.263005
1.973959 -1.149343 0.750000 0.000000 0.000000 -1.484893 1757231864.276585
1.973959 -1.149343 0.750000 0.000000 0.000000 -1.484893 1757231865.236583
1.973959 -1.149343 0.750000 0.000000 0.000000 -1.484893 1757231866.265965
1.973959 -1.149343 0.750000 0.000000 0.000000 -1.484893 1757231867.274966
1.973959 -1.149343 0.750000 0.000000 0.000000 -1.484893 1757231868.275010
1.973959 -1.149343 0.750000 0.000000 0.000000 -1.484893 1757231869.254200
1.973959 -1.149343 0.750000 0.000000 0.000000 -1.484893 1757231870.254197
1.973959 -1.149343 0.750000 0.000000 0.000000 -1.484893 1757231871.254203
1.973959 -1.149343 0.750000 0.000000 0.000000 -1.484893 1757231872.239824
1.973959 -1.149343 0.750000 0.000000 0.000000 -1.484893 1757231873.240014
1.973959 -1.149343 0.750000 0.000000 0.000000 -1.484893 1757231874.250011
1.973959 -1.149343 0.750000 0.000000 0.000000 -1.484893 1757231875.278242
1.973959 -1.149343 0.750000 0.000000 0.000000 -1.484893 1757231876.274028
1.973959 -1.149343 0.750000 0.000000 0.000000 -1.484893 1757231877.244028
1.973959 -1.149343 0.750000 0.000000 0.000000 -1.484893 1757231878.257928
1.973959 -1.149343 0.750000 0.000000 0.000000 -1.484893 1757231879.278446
1.973959 -1.149343 0.750000 0.000000 0.000000 -1.484893 1757231880.277928
1.973959 -1.149343 0.750000 0.000000 0.000000 -1.484893 1757231881.267930
1.973959 -1.149343 0.750000 0.000000 0.000000 -1.484893 1757231882.232898
1.973959 -1.149343 0.750000 0.000000 0.000000 -1.484893 1757231883.222933
1.973959 -1.149343 0.750000 0.000000 0.000000 -1.484893 1757231884.264545
1.973959 -1.149343 0.750000 0.000000 0.000000 -1.484893 1757231885.274545
1.973959 -1.149343 0.750000 0.000000 0.000000 -1.484893 1757231886.259543
1.973959 -1.149343 0.750000 0.000000 0.000000 -1.484893 1757231887.249547
1.973959 -1.149343 0.750000 0.000000 0.000000 -1.484893 1757231888.264075
1.973959 -1.149343 0.750000 0.000000 0.000000 -1.484893 1757231889.237360
1.973959 -1.149343 0.750000 0.000000 0.000000 -1.484893 1757231890.248145
1.973959 -1.149343 0.750000 0.000000 0.000000 -1.484893 1757231891.263143
1.973959 -1.149343 0.750000 0.000000 0.000000 -1.484893 1757231892.263142
1.973959 -1.149343 0.750000 0.000000 0.000000 -1.484893 1757231893.258141
1.973959 -1.149343 0.750000 0.000000 0.000000 -1.484893 1757231894.265734
1.973959 -1.149343 0.750000 0.000000 0.000000 -1.484893 1757231895.243066
1.973959 -1.149343 0.750000 0.000000 0.000000 -1.484893 1757231896.243065
1.973959 -1.149343 0.750000 0.000000 0.000000 -1.484893 1757231897.248920
1.973959 -1.149343 0.750000 0.000000 0.000000 -1.484893 1757231898.269987
1.973959 -1.149343 0.750000 0.000000 0.000000 -1.484893 1757231899.269990
1.973959 -1.149343 0.750000 0.000000 0.000000 -1.484893 1757231900.274968
1.973959 -1.149343 0.750000 0.000000 0.000000 -1.484893 1757231901.271984
1.973959 -1.149343 0.750000 0.000000 0.000000 -1.484893 1757231902.253975
1.973959 -1.149343 0.750000 0.000000 0.000000 -1.484893 1757231903.248996
1.973959 -1.149343 0.750000 0.000000 0.000000 -1.484893 1757231904.273996
1.973959 -1.149343 0.750000 0.000000 0.000000 -1.484893 1757231905.278998
1.973959 -1.149343 0.750000 0.000000 0.000000 -1.484893 1757231906.240972
1.973959 -1.149343 0.750000 0.000000 0.000000 -1.484893 1757231907.263972
1.973959 -1.149343 0.750000 0.000000 0.000000 -1.484893 1757231908.252901
1.973959 -1.149343 0.750000 0.000000 0.000000 -1.484893 1757231909.234967
1.973959 -1.149343 0.750000 0.000000 0.000000 -1.484893 1757231910.241889
1.973959 -1.149343 0.750000 0.000000 0.000000 -1.484893 1757231911.265990
1.973959 -1.149343 0.750000 0.000000 0.000000 -1.484893 1757231912.265990
1.973959 -1.149343 0.750000 0.000000 0.000000 -1.484893 1757231913.281923
1.973959 -1.149343 0.750000 0.000000 0.000000 -1.484893 1757231914.270641
1.973959 -1.149343 0.750000 0.000000 0.000000 -1.484893 1757231915.262001
1.973959 -1.149343 0.750000 0.000000 0.000000 -1.484893 1757231916.263971
1.973959 -1.149343 0.750000 0.000000 0.000000 -1.484893 1757231917.238975
1.973959 -1.149343 0.750000 0.000000 0.000000 -1.484893 1757231918.247858
1.973959 -1.149343 0.750000 0.000000 0.000000 -1.484893 1757231919.242860
1.973959 -1.149343 0.750000 0.000000 0.000000 -1.484893 1757231920.237860
1.973959 -1.149343 0.750000 0.000000 0.000000 -1.484893 1757231921.237863
1.973959 -1.149343 0.750000 0.000000 0.000000 -1.484893 1757231922.277864
1.973959 -1.149343 0.750000 0.000000 0.000000 -1.484893 1757231923.277861
1.973959 -1.149343 0.750000 0.000000 0.000000 -1.484893 1757231924.267859
1.973959 -1.149343 0.750000 0.000000 0.000000 -1.484893 1757231925.267859
1.973959 -1.149343 0.750000 0.000000 0.000000 -1.484893 1757231926.237861
1.973959 -1.149343 0.750000 0.000000 0.000000 -1.484893 1757231927.237862
1.973959 -1.149343 0.750000 0.000000 0.000000 -1.484893 1757231928.277869
1.973959 -1.149343 0.750000 0.000000 0.000000 -1.484893 1757231929.254553
1.973959 -1.149343 0.750000 0.000000 0.000000 -1.484893 1757231930.244552
1.973959 -1.149343 0.750000 0.000000 0.000000 -1.484893 1757231931.254554
1.973959 -1.149343 0.750000 0.000000 0.000000 -1.484893 1757231932.260098
1.973959 -1.149343 0.750000 0.000000 0.000000 -1.484893 1757231933.250106
1.973959 -1.149343 0.750000 0.000000 0.000000 -1.484893 1757231934.246651
1.973959 -1.149343 0.750000 0.000000 0.000000 -1.484893 1757231935.257430
1.973959 -1.149343 0.750000 0.000000 0.000000 -1.484893 1757231936.271277
1.973959 -1.149343 0.750000 0.000000 0.000000 -1.484893 1757231937.243022
1.973959 -1.149343 0.750000 0.000000 0.000000 -1.484893 1757231938.272031
1.973959 -1.149343 0.750000 0.000000 0.000000 -1.484893 1757231939.265975
1.973959 -1.149343 0.750000 0.000000 0.000000 -1.484893 1757231940.250975
1.973959 -1.149343 0.750000 0.000000 0.000000 -1.484893 1757231941.245975
1.973959 -1.149343 0.750000 0.000000 0.000000 -1.484893 1757231942.275976
1.973959 -1.149343 0.750000 0.000000 0.000000 -1.484893 1757231943.265975
1.973959 -1.149343 0.750000 0.000000 0.000000 -1.484893 1757231944.260976
1.973959 -1.149343 0.750000 0.000000 0.000000 -1.484893 1757231945.239966
1.973959 -1.149343 0.750000 0.000000 0.000000 -1.484893 1757231946.274969
1.973959 -1.149343 0.750000 0.000000 0.000000 -1.484893 1757231947.270191
1.973959 -1.149343 0.750000 0.000000 0.000000 -1.484893 1757231948.249967
1.973959 -1.149343 0.750000 0.000000 0.000000 -1.484893 1757231949.279966
1.973959 -1.149343 0.750000 0.000000 0.000000 -1.484893 1757231950.269969
1.973959 -1.149343 0.750000 0.000000 0.000000 -1.484893 1757231951.279973
1.973959 -1.149343 0.750000 0.000000 0.000000 -1.484893 1757231952.238078
1.973959 -1.149343 0.750000 0.000000 0.000000 -1.484893 1757231953.278084
1.973959 -1.149343 0.750000 0.000000 0.000000 -1.484893 1757231954.269042
1.973959 -1.149343 0.750000 0.000000 0.000000 -1.484893 1757231955.242469
1.973959 -1.149343 0.750000 0.000000 0.000000 -1.484893 1757231956.242469
1.973959 -1.149343 0.750000 0.000000 0.000000 -1.484893 1757231957.236851
1.973959 -1.149343 0.750000 0.000000 0.000000 -1.484893 1757231958.271054
1.973959 -1.149343 0.750000 0.000000 0.000000 -1.484893 1757231959.276328
1.973959 -1.149343 0.750000 0.000000 0.000000 -1.484893 1757231960.271327
1.973959 -1.149343 0.750000 0.000000 0.000000 -1.484893 1757231961.282478
1.973959 -1.149343 0.750000 0.000000 0.000000 -1.484893 1757231962.272477
1.973959 -1.149343 0.750000 0.000000 0.000000 -1.484893 1757231963.262480
1.973959 -1.149343 0.750000 0.000000 0.000000 -1.484893 1757231964.252479
1.973959 -1.149343 0.750000 0.000000 0.000000 -1.484893 1757231965.282478
1.973959 -1.149343 0.750000 0.000000 0.000000 -1.484893 1757231966.242984
1.973959 -1.149343 0.750000 0.000000 0.000000 -1.484893 1757231967.252983
1.973959 -1.149343 0.750000 0.000000 0.000000 -1.484893 1757231968.242976
1.973959 -1.149343 0.750000 0.000000 0.000000 -1.484893 1757231969.247976
1.973959 -1.149343 0.750000 0.000000 0.000000 -1.484893 1757231970.250902
1.973959 -1.149343 0.750000 0.000000 0.000000 -1.484893 1757231971.249137
1.973959 -1.149343 0.750000 0.000000 0.000000 -1.484893 1757231972.271004
1.973959 -1.149343 0.750000 0.000000 0.000000 -1.484893 1757231973.228904
1.973959 -1.149343 0.750000 0.000000 0.000000 -1.484893 1757231974.268904
1.973959 -1.149343 0.750000 0.000000 0.000000 -1.484893 1757231975.268514
1.973959 -1.149343 0.750000 0.000000 0.000000 -1.484893 1757231976.266985
1.973959 -1.149343 0.750000 0.000000 0.000000 -1.484893 1757231977.261254
1.973959 -1.149343 0.750000 0.000000 0.000000 -1.484893 1757231978.264902
1.973959 -1.149343 0.750000 0.000000 0.000000 -1.484893 1757231979.289983
1.973959 -1.149343 0.750000 0.000000 0.000000 -1.484893 1757231980.239981
1.973959 -1.149343 0.750000 0.000000 0.000000 -1.484893 1757231981.239982
1.973959 -1.149343 0.750000 0.000000 0.000000 -1.484893 1757231982.275992
1.973959 -1.149343 0.750000 0.000000 0.000000 -1.484893 1757231983.245989
1.973959 -1.149343 0.750000 0.000000 0.000000 -1.484893 1757231984.255992
1.973959 -1.149343 0.750000 0.000000 0.000000 -1.484893 1757231985.245991
1.973959 -1.149343 0.750000 0.000000 0.000000 -1.484893 1757231986.246003
1.973959 -1.149343 0.750000 0.000000 0.000000 -1.484893 1757231987.256007
1.973959 -1.149343 0.750000 0.000000 0.000000 -1.484893 1757231988.261002
1.973959 -1.149343 0.750000 0.000000 0.000000 -1.484893 1757231989.253274
1.973959 -1.149343 0.750000 0.000000 0.000000 -1.484893 1757231990.243290
1.973959 -1.149343 0.750000 0.000000 0.000000 -1.484893 1757231991.238364
1.973959 -1.149343 0.750000 0.000000 0.000000 -1.484893 1757231992.274999
1.973959 -1.149343 0.750000 0.000000 0.000000 -1.484893 1757231993.275002
1.973959 -1.149343 0.750000 0.000000 0.000000 -1.484893 1757231994.240144
1.973959 -1.149343 0.750000 0.000000 0.000000 -1.484893 1757231995.249997
1.973959 -1.149343 0.750000 0.000000 0.000000 -1.484893 1757231996.265162
1.973959 -1.149343 0.750000 0.000000 0.000000 -1.484893 1757231997.263434
1.973959 -1.149343 0.750000 0.000000 0.000000 -1.484893 1757231998.278124
1.973959 -1.149343 0.750000 0.000000 0.000000 -1.484893 1757231999.258128
1.973959 -1.149343 0.750000 0.000000 0.000000 -1.484893 1757232000.237018
1.973959 -1.149343 0.750000 0.000000 0.000000 -1.484893 1757232001.240633
1.973959 -1.149343 0.750000 0.000000 0.000000 -1.484893 1757232002.252023
1.973959 -1.149343 0.750000 0.000000 0.000000 -1.484893 1757232003.265979
1.973959 -1.149343 0.750000 0.000000 0.000000 -1.484893 1757232004.233987
1.973959 -1.149343 0.750000 0.000000 0.000000 -1.484893 1757232005.253990
1.973959 -1.149343 0.750000 0.000000 0.000000 -1.484893 1757232006.251013
1.973959 -1.149343 0.750000 0.000000 0.000000 -1.484893 1757232007.253242
1.973959 -1.149343 0.750000 0.000000 0.000000 -1.484893 1757232008.248267
1.973959 -1.149343 0.750000 0.000000 0.000000 -1.484893 1757232009.258245
1.973959 -1.149343 0.750000 0.000000 0.000000 -1.484893 1757232010.258245
1.973959 -1.149343 0.750000 0.000000 0.000000 -1.484893 1757232011.248923
1.973959 -1.149343 0.750000 0.000000 0.000000 -1.484893 1757232012.271079
1.973959 -1.149343 0.750000 0.000000 0.000000 -1.484893 1757232013.266082
1.973959 -1.149343 0.750000 0.000000 0.000000 -1.484893 1757232014.274441
1.973959 -1.149343 0.750000 0.000000 0.000000 -1.484893 1757232015.250002
1.973959 -1.149343 0.750000 0.000000 0.000000 -1.484893 1757232016.263261
1.973959 -1.149343 0.750000 0.000000 0.000000 -1.484893 1757232017.268258
1.973959 -1.149343 0.750000 0.000000 0.000000 -1.484893 1757232018.268255
1.973959 -1.149343 0.750000 0.000000 0.000000 -1.484893 1757232019.276033
1.973959 -1.149343 0.750000 0.000000 0.000000 -1.484893 1757232020.252212
1.973959 -1.149343 0.750000 0.000000 0.000000 -1.484893 1757232021.266396
1.973959 -1.149343 0.750000 0.000000 0.000000 -1.484893 1757232022.266086
1.973959 -1.149343 0.750000 0.000000 0.000000 -1.484893 1757232023.256086
1.973959 -1.149343 0.750000 0.000000 0.000000 -1.484893 1757232024.251092
1.973959 -1.149343 0.750000 0.000000 0.000000 -1.484893 1757232025.246083
1.973959 -1.149343 0.750000 0.000000 0.000000 -1.484893 1757232026.276084
1.973959 -1.149343 0.750000 0.000000 0.000000 -1.484893 1757232027.244852
1.973959 -1.149343 0.750000 0.000000 0.000000 -1.484893 1757232028.254853
1.973959 -1.149343 0.750000 0.000000 0.000000 -1.484893 1757232029.249856
1.973959 -1.149343 0.750000 0.000000 0.000000 -1.484893 1757232030.260219
1.973959 -1.149343 0.750000 0.000000 0.000000 -1.484893 1757232031.246554
1.973959 -1.149343 0.750000 0.000000 0.000000 -1.484893 1757232032.269981
1.973959 -1.149343 0.750000 0.000000 0.000000 -1.484893 1757232033.258987
1.973959 -1.149343 0.750000 0.000000 0.000000 -1.484893 1757232034.279087
1.973959 -1.149343 0.750000 0.000000 0.000000 -1.484893 1757232035.263987
1.973959 -1.149343 0.750000 0.000000 0.000000 -1.484893 1757232036.278092
1.973959 -1.149343 0.750000 0.000000 0.000000 -1.484893 1757232037.243090
1.973959 -1.149343 0.750000 0.000000 0.000000 -1.484893 1757232038.253097
1.973959 -1.149343 0.750000 0.000000 0.000000 -1.484893 1757232039.259582
1.973959 -1.149343 0.750000 0.000000 0.000000 -1.484893 1757232040.243994
1.973959 -1.149343 0.750000 0.000000 0.000000 -1.484893 1757232041.264902
1.973959 -1.149343 0.750000 0.000000 0.000000 -1.484893 1757232042.258017
1.973959 -1.149343 0.750000 0.000000 0.000000 -1.484893 1757232043.258125
1.973959 -1.149343 0.750000 0.000000 0.000000 -1.484893 1757232044.243129
1.973959 -1.149343 0.750000 0.000000 0.000000 -1.484893 1757232045.253121
1.973959 -1.149343 0.750000 0.000000 0.000000 -1.484893 1757232046.239369
1.973959 -1.149343 0.750000 0.000000 0.000000 -1.484893 1757232047.240691
1.973959 -1.149343 0.750000 0.000000 0.000000 -1.484893 1757232048.260694
1.973959 -1.149343 0.750000 0.000000 0.000000 -1.484893 1757232049.255896
1.973959 -1.149343 0.750000 0.000000 0.000000 -1.484893 1757232050.239211
1.973959 -1.149343 0.750000 0.000000 0.000000 -1.484893 1757232051.244137
1.973959 -1.149343 0.750000 0.000000 0.000000 -1.484893 1757232052.264470
1.973959 -1.149343 0.750000 0.000000 0.000000 -1.484893 1757232053.269470
1.973959 -1.149343 0.750000 0.000000 0.000000 -1.484893 1757232054.259472
1.973959 -1.149343 0.750000 0.000000 0.000000 -1.484893 1757232055.264091
1.973959 -1.149343 0.750000 0.000000 0.000000 -1.484893 1757232056.234091
1.973959 -1.149343 0.750000 0.000000 0.000000 -1.484893 1757232057.269087
1.973959 -1.149343 0.750000 0.000000 0.000000 -1.484893 1757232058.259090
1.973959 -1.149343 0.750000 0.000000 0.000000 -1.484893 1757232059.264086
1.973959 -1.149343 0.750000 0.000000 0.000000 -1.484893 1757232060.254086
1.973959 -1.149343 0.750000 0.000000 0.000000 -1.484893 1757232061.259089
1.973959 -1.149343 0.750000 0.000000 0.000000 -1.484893 1757232062.254092
1.973959 -1.149343 0.750000 0.000000 0.000000 -1.484893 1757232063.244087
1.973959 -1.149343 0.750000 0.000000 0.000000 -1.484893 1757232064.252918
1.973959 -1.149343 0.750000 0.000000 0.000000 -1.484893 1757232065.239089
1.973959 -1.149343 0.750000 0.000000 0.000000 -1.484893 1757232066.274968
1.973959 -1.149343 0.750000 0.000000 0.000000 -1.484893 1757232067.281117
1.973959 -1.149343 0.750000 0.000000 0.000000 -1.484893 1757232068.250981
1.973959 -1.149343 0.750000 0.000000 0.000000 -1.484893 1757232069.264959
1.973959 -1.149343 0.750000 0.000000 0.000000 -1.484893 1757232070.248221
1.973959 -1.149343 0.750000 0.000000 0.000000 -1.484893 1757232071.258226
1.973959 -1.149343 0.750000 0.000000 0.000000 -1.484893 1757232072.248224
1.973959 -1.149343 0.750000 0.000000 0.000000 -1.484893 1757232073.253042
1.973959 -1.149343 0.750000 0.000000 0.000000 -1.484893 1757232074.267346
1.973959 -1.149343 0.750000 0.000000 0.000000 -1.484893 1757232075.272025
1.973959 -1.149343 0.750000 0.000000 0.000000 -1.484893 1757232076.242023
1.973959 -1.149343 0.750000 0.000000 0.000000 -1.484893 1757232077.273973
1.973959 -1.149343 0.750000 0.000000 0.000000 -1.484893 1757232078.273970
1.973959 -1.149343 0.750000 0.000000 0.000000 -1.484893 1757232079.250653
1.973959 -1.149343 0.750000 0.000000 0.000000 -1.484893 1757232080.246044
1.973959 -1.149343 0.750000 0.000000 0.000000 -1.484893 1757232081.241044
1.973959 -1.149343 0.750000 0.000000 0.000000 -1.484893 1757232082.254991
1.973959 -1.149343 0.750000 0.000000 0.000000 -1.484893 1757232083.249994
1.973959 -1.149343 0.750000 0.000000 0.000000 -1.484893 1757232084.279987
1.973959 -1.149343 0.750000 0.000000 0.000000 -1.484893 1757232085.279991
1.973959 -1.149343 0.750000 0.000000 0.000000 -1.484893 1757232086.271280
1.973959 -1.149343 0.750000 0.000000 0.000000 -1.484893 1757232087.236306
1.973959 -1.149343 0.750000 0.000000 0.000000 -1.484893 1757232088.272746
1.973959 -1.149343 0.750000 0.000000 0.000000 -1.484893 1757232089.264333
1.973959 -1.149343 0.750000 0.000000 0.000000 -1.484893 1757232090.259988
1.973959 -1.149343 0.750000 0.000000 0.000000 -1.484893 1757232091.294997
1.973959 -1.149343 0.750000 0.000000 0.000000 -1.484893 1757232092.249993
1.973959 -1.149343 0.750000 0.000000 0.000000 -1.484893 1757232093.279773
1.973959 -1.149343 0.750000 0.000000 0.000000 -1.484893 1757232094.274778
1.973959 -1.149343 0.750000 0.000000 0.000000 -1.484893 1757232095.264774
1.973959 -1.149343 0.750000 0.000000 0.000000 -1.484893 1757232096.254775
1.973959 -1.149343 0.750000 0.000000 0.000000 -1.484893 1757232097.265990
1.973959 -1.149343 0.750000 0.000000 0.000000 -1.484893 1757232098.270997
1.973959 -1.149343 0.750000 0.000000 0.000000 -1.484893 1757232099.275989
1.973959 -1.149343 0.750000 0.000000 0.000000 -1.484893 1757232100.275990
1.973959 -1.149343 0.750000 0.000000 0.000000 -1.484893 1757232101.275970
1.973959 -1.149343 0.750000 0.000000 0.000000 -1.484893 1757232102.265990
1.973959 -1.149343 0.750000 0.000000 0.000000 -1.484893 1757232103.265993
1.973959 -1.149343 0.750000 0.000000 0.000000 -1.484893 1757232104.250993
1.973959 -1.149343 0.750000 0.000000 0.000000 -1.484893 1757232105.276002
1.973959 -1.149343 0.750000 0.000000 0.000000 -1.484893 1757232106.266761
1.973959 -1.149343 0.750000 0.000000 0.000000 -1.484893 1757232107.258085
1.973959 -1.149343 0.750000 0.000000 0.000000 -1.484893 1757232108.259977
1.973959 -1.149343 0.750000 0.000000 0.000000 -1.484893 1757232109.255992
1.973959 -1.149343 0.750000 0.000000 0.000000 -1.484893 1757232110.282353
1.973959 -1.149343 0.750000 0.000000 0.000000 -1.484893 1757232111.251034
1.973959 -1.149343 0.750000 0.000000 0.000000 -1.484893 1757232112.251034
1.973959 -1.149343 0.750000 0.000000 0.000000 -1.484893 1757232113.264971
1.973959 -1.149343 0.750000 0.000000 0.000000 -1.484893 1757232114.244918
1.973959 -1.149343 0.750000 0.000000 0.000000 -1.484893 1757232115.252123
1.973959 -1.149343 0.750000 0.000000 0.000000 -1.484893 1757232116.266991
1.973959 -1.149343 0.750000 0.000000 0.000000 -1.484893 1757232117.261977
1.973959 -1.149343 0.750000 0.000000 0.000000 -1.484893 1757232118.266977
1.973959 -1.149343 0.750000 0.000000 0.000000 -1.484893 1757232119.261978
1.973959 -1.149343 0.750000 0.000000 0.000000 -1.484893 1757232120.251975
1.973959 -1.149343 0.750000 0.000000 0.000000 -1.484893 1757232121.260904
1.973959 -1.149343 0.750000 0.000000 0.000000 -1.484893 1757232122.237015
1.973959 -1.149343 0.750000 0.000000 0.000000 -1.484893 1757232123.252911
1.973959 -1.149343 0.750000 0.000000 0.000000 -1.484893 1757232124.261971
1.973959 -1.149343 0.750000 0.000000 0.000000 -1.484893 1757232125.271477
1.973959 -1.149343 0.750000 0.000000 0.000000 -1.484893 1757232126.259144
1.973959 -1.149343 0.750000 0.000000 0.000000 -1.484893 1757232127.262061
1.973959 -1.149343 0.750000 0.000000 0.000000 -1.484893 1757232128.274073
1.973959 -1.149343 0.750000 0.000000 0.000000 -1.484893 1757232129.272976
1.973959 -1.149343 0.750000 0.000000 0.000000 -1.484893 1757232130.261965
1.973959 -1.149343 0.750000 0.000000 0.000000 -1.484893 1757232131.274567
1.973959 -1.149343 0.750000 0.000000 0.000000 -1.484893 1757232132.257523
1.973959 -1.149343 0.750000 0.000000 0.000000 -1.484893 1757232133.271982
1.973959 -1.149343 0.750000 0.000000 0.000000 -1.484893 1757232134.271981
1.973959 -1.149343 0.750000 0.000000 0.000000 -1.484893 1757232135.254971
1.973959 -1.149343 0.750000 0.000000 0.000000 -1.484893 1757232136.262018
1.973959 -1.149343 0.750000 0.000000 0.000000 -1.484893 1757232137.267026
1.973959 -1.149343 0.750000 0.000000 0.000000 -1.484893 1757232138.266187
1.973959 -1.149343 0.750000 0.000000 0.000000 -1.484893 1757232139.252947
1.973959 -1.149343 0.750000 0.000000 0.000000 -1.484893 1757232140.274096
1.973959 -1.149343 0.750000 0.000000 0.000000 -1.484893 1757232141.264095
1.973959 -1.149343 0.750000 0.000000 0.000000 -1.484893 1757232142.254096
1.973959 -1.149343 0.750000 0.000000 0.000000 -1.484893 1757232143.244094
1.973959 -1.149343 0.750000 0.000000 0.000000 -1.484893 1757232144.244099
1.973959 -1.149343 0.750000 0.000000 0.000000 -1.484893 1757232145.268667
1.973959 -1.149343 0.750000 0.000000 0.000000 -1.484893 1757232146.272255
1.973959 -1.149343 0.750000 0.000000 0.000000 -1.484893 1757232147.262254
1.973959 -1.149343 0.750000 0.000000 0.000000 -1.484893 1757232148.262250
1.973959 -1.149343 0.750000 0.000000 0.000000 -1.484893 1757232149.262371
1.973959 -1.149343 0.750000 0.000000 0.000000 -1.484893 1757232150.262245
1.973959 -1.149343 0.750000 0.000000 0.000000 -1.484893 1757232151.270061
1.973959 -1.149343 0.750000 0.000000 0.000000 -1.484893 1757232152.276031
1.973959 -1.149343 0.750000 0.000000 0.000000 -1.484893 1757232153.246030
1.973959 -1.149343 0.750000 0.000000 0.000000 -1.484893 1757232154.246034
1.973959 -1.149343 0.750000 0.000000 0.000000 -1.484893 1757232155.274961
1.973959 -1.149343 0.750000 0.000000 0.000000 -1.484893 1757232156.278537
1.973959 -1.149343 0.750000 0.000000 0.000000 -1.484893 1757232157.268532
1.973959 -1.149343 0.750000 0.000000 0.000000 -1.484893 1757232158.273984
1.973959 -1.149343 0.750000 0.000000 0.000000 -1.484893 1757232159.237090
1.973959 -1.149343 0.750000 0.000000 0.000000 -1.484893 1757232160.258995
1.973959 -1.149343 0.750000 0.000000 0.000000 -1.484893 1757232161.264213
1.973959 -1.149343 0.750000 0.000000 0.000000 -1.484893 1757232162.248900
1.973959 -1.149343 0.750000 0.000000 0.000000 -1.484893 1757232163.280005
1.973959 -1.149343 0.750000 0.000000 0.000000 -1.484893 1757232164.249998
1.973959 -1.149343 0.750000 0.000000 0.000000 -1.484893 1757232165.254997
1.973959 -1.149343 0.750000 0.000000 0.000000 -1.484893 1757232166.231975
1.973959 -1.149343 0.750000 0.000000 0.000000 -1.484893 1757232167.256974
1.973959 -1.149343 0.750000 0.000000 0.000000 -1.484893 1757232168.266975
1.973959 -1.149343 0.750000 0.000000 0.000000 -1.484893 1757232169.259290
1.973959 -1.149343 0.750000 0.000000 0.000000 -1.484893 1757232170.249290
1.973959 -1.149343 0.750000 0.000000 0.000000 -1.484893 1757232171.247057
1.973959 -1.149343 0.750000 0.000000 0.000000 -1.484893 1757232172.246813
1.973959 -1.149343 0.750000 0.000000 0.000000 -1.484893 1757232173.251816
1.973959 -1.149343 0.750000 0.000000 0.000000 -1.484893 1757232174.248940
1.973959 -1.149343 0.750000 0.000000 0.000000 -1.484893 1757232175.273966
1.973959 -1.149343 0.750000 0.000000 0.000000 -1.484893 1757232176.268774
1.973959 -1.149343 0.750000 0.000000 0.000000 -1.484893 1757232177.244771
1.973959 -1.149343 0.750000 0.000000 0.000000 -1.484893 1757232178.284210
1.973959 -1.149343 0.750000 0.000000 0.000000 -1.484893 1757232179.243913
1.973959 -1.149343 0.750000 0.000000 0.000000 -1.484893 1757232180.290048
1.973959 -1.149343 0.750000 0.000000 0.000000 -1.484893 1757232181.240048
1.973959 -1.149343 0.750000 0.000000 0.000000 -1.484893 1757232182.260046
1.973959 -1.149343 0.750000 0.000000 0.000000 -1.484893 1757232183.260048
1.973959 -1.149343 0.750000 0.000000 0.000000 -1.484893 1757232184.250047
1.973959 -1.149343 0.750000 0.000000 0.000000 -1.484893 1757232185.250048
1.973959 -1.149343 0.750000 0.000000 0.000000 -1.484893 1757232186.240048
1.973959 -1.149343 0.750000 0.000000 0.000000 -1.484893 1757232187.235051
1.973959 -1.149343 0.750000 0.000000 0.000000 -1.484893 1757232188.244939
1.973959 -1.149343 0.750000 0.000000 0.000000 -1.484893 1757232189.260918
1.973959 -1.149343 0.750000 0.000000 0.000000 -1.484893 1757232190.259169
1.973959 -1.149343 0.750000 0.000000 0.000000 -1.484893 1757232191.242868
1.973959 -1.149343 0.750000 0.000000 0.000000 -1.484893 1757232192.272628
1.973959 -1.149343 0.750000 0.000000 0.000000 -1.484893 1757232193.267436
1.973959 -1.149343 0.750000 0.000000 0.000000 -1.484893 1757232194.271591
1.973959 -1.149343 0.750000 0.000000 0.000000 -1.484893 1757232195.273990
1.973959 -1.149343 0.750000 0.000000 0.000000 -1.484893 1757232196.257990
1.973959 -1.149343 0.750000 0.000000 0.000000 -1.484893 1757232197.267992
1.973959 -1.149343 0.750000 0.000000 0.000000 -1.484893 1757232198.257991
1.973959 -1.149343 0.750000 0.000000 0.000000 -1.484893 1757232199.254035
1.973959 -1.149343 0.750000 0.000000 0.000000 -1.484893 1757232200.260921
1.973959 -1.149343 0.750000 0.000000 0.000000 -1.484893 1757232201.267986
1.973959 -1.149343 0.750000 0.000000 0.000000 -1.484893 1757232202.257984
1.973959 -1.149343 0.750000 0.000000 0.000000 -1.484893 1757232203.251055
