0.000000 0.000000 0.750000 0.000000 -0.000000 0.000000 1757232459.812711
0.000000 0.000000 0.750000 0.000000 -0.000000 0.000000 1757232460.779961
0.000000 0.000000 0.750000 0.000000 -0.000000 0.000000 1757232461.812915
0.000000 0.000000 0.750000 0.000000 -0.000000 0.000000 1757232462.810002
0.000000 0.000000 0.750000 0.000000 -0.000000 0.000000 1757232463.785433
0.000000 0.000000 0.750000 0.000000 -0.000000 0.000000 1757232464.815611
0.000000 0.000000 0.750000 0.000000 -0.000000 0.000000 1757232465.815612
0.000000 0.000000 0.750000 0.000000 -0.000000 0.000000 1757232466.810644
0.000000 0.000000 0.750000 0.000000 -0.000000 0.000000 1757232467.810611
0.000000 0.000000 0.750000 0.000000 -0.000000 0.000000 1757232468.815021
0.000000 0.000000 0.750000 0.000000 -0.000000 0.000000 1757232469.804007
0.000000 0.000000 0.750000 0.000000 -0.000000 0.000000 1757232470.809015
0.000000 0.000000 0.750000 0.000000 -0.000000 0.000000 1757232471.804018
0.000000 0.000000 0.750000 0.000000 -0.000000 0.000000 1757232472.824020
0.000000 0.000000 0.750000 0.000000 -0.000000 0.000000 1757232473.798011
0.000000 0.000000 0.750000 0.000000 -0.000000 0.000000 1757232474.835035
0.000000 0.000000 0.750000 0.000000 -0.000000 0.000000 1757232475.790217
0.020539 -0.005348 0.750000 0.000000 0.000000 -0.265891 1757232476.825219
0.329141 -0.130742 0.750000 0.000000 0.000000 -0.512190 1757232477.790992
0.588461 -0.288094 0.750000 0.000000 0.000000 -0.574540 1757232478.825991
0.589846 -0.288991 0.750000 0.000000 0.000000 -0.580905 1757232479.815990
0.589846 -0.288991 0.750000 0.000000 0.000000 -0.581147 1757232480.821966
0.589846 -0.288991 0.750000 0.000000 0.000000 -0.581155 1757232481.821966
0.589846 -0.288991 0.750000 0.000000 0.000000 -0.581155 1757232482.800696
0.832063 -0.541849 0.750000 0.000000 0.000000 -0.884113 1757232483.795695
1.003119 -0.779277 0.750000 0.000000 0.000000 -1.001774 1757232484.795696
1.005540 -0.783071 0.750000 0.000000 0.000000 -1.015606 1757232485.840698
1.005540 -0.783071 0.750000 0.000000 0.000000 -1.016044 1757232486.814798
1.005540 -0.783071 0.750000 0.000000 0.000000 -1.016060 1757232487.843142
1.005540 -0.783071 0.750000 0.000000 0.000000 -1.096107 1757232488.793262
1.082345 -0.973767 0.750000 0.000000 0.000000 -1.227944 1757232489.808092
1.082899 -0.975322 0.750000 0.000000 0.000000 -1.240457 1757232490.800014
1.082899 -0.975322 0.750000 0.000000 0.000000 -1.240967 1757232491.795011
1.082899 -0.975322 0.750000 0.000000 0.000000 -1.240984 1757232492.815181
1.082899 -0.975322 0.750000 0.000000 0.000000 -1.240984 1757232493.805975
1.082899 -0.975322 0.750000 0.000000 0.000000 -1.240984 1757232494.825979
1.039391 -0.889677 0.750000 0.000000 0.000000 -1.077796 1757232495.825978
0.992493 -0.806348 0.750000 0.000000 0.000000 -1.028591 1757232496.810980
0.992493 -0.806348 0.750000 0.000000 0.000000 -1.025900 1757232497.810013
0.992493 -0.806348 0.750000 0.000000 0.000000 -1.025802 1757232498.794173
0.992493 -0.806348 0.750000 0.000000 0.000000 -1.025802 1757232499.779979
0.992493 -0.806348 0.750000 0.000000 0.000000 -1.025802 1757232500.794979
0.992493 -0.806348 0.750000 0.000000 0.000000 -1.102377 1757232501.814982
1.050789 -1.071662 0.750000 0.000000 0.000000 -1.457221 1757232502.809977
1.054990 -1.406167 0.750000 0.000000 0.000000 -1.605061 1757232503.824979
1.052572 -1.465517 0.750000 0.000000 0.000000 -1.623941 1757232504.810933
1.052572 -1.465517 0.750000 0.000000 0.000000 -1.624898 1757232505.802070
1.052572 -1.465517 0.750000 0.000000 0.000000 -1.624933 1757232506.822063
1.052572 -1.465517 0.750000 0.000000 0.000000 -1.624933 1757232507.822066
1.016932 -1.718944 0.750000 0.000000 0.000000 -1.739107 1757232508.819348
0.981055 -1.910149 0.750000 0.000000 0.000000 -1.773929 1757232509.819350
0.981055 -1.910149 0.750000 0.000000 0.000000 -1.776847 1757232510.809351
0.981055 -1.910149 0.750000 0.000000 0.000000 -1.776954 1757232511.799350
0.981055 -1.910149 0.750000 0.000000 0.000000 -1.776954 1757232512.796072
0.981055 -1.910149 0.750000 0.000000 0.000000 -1.776954 1757232513.794353
0.981055 -1.910149 0.750000 0.000000 0.000000 -1.810690 1757232514.804680
1.139790 -1.570217 0.750000 0.000000 0.000000 -2.095715 1757232515.798412
1.297142 -1.333506 0.750000 0.000000 0.000000 -2.211837 1757232516.808410
1.298579 -1.331583 0.750000 0.000000 0.000000 -2.224412 1757232517.806401
1.298579 -1.331583 0.750000 0.000000 0.000000 -2.224893 1757232518.796401
1.298579 -1.331583 0.750000 0.000000 0.000000 -2.224907 1757232519.806400
1.298579 -1.331583 0.750000 0.000000 0.000000 -2.224907 1757232520.816401
1.386868 -1.196058 0.750000 0.000000 0.000000 -2.123134 1757232521.811406
1.595817 -0.806894 0.750000 0.000000 0.000000 -2.006741 1757232522.806402
1.620222 -0.753646 0.750000 0.000000 0.000000 -1.988212 1757232523.809947
1.620222 -0.753646 0.750000 0.000000 0.000000 -1.987316 1757232524.799944
1.620222 -0.753646 0.750000 0.000000 0.000000 -1.987288 1757232525.789945
1.620222 -0.753646 0.750000 0.000000 0.000000 -1.987288 1757232526.824898
1.620222 -0.753646 0.750000 0.000000 0.000000 -1.982052 1757232527.835074
1.627347 -0.895403 0.750000 0.000000 0.000000 -1.485889 1757232528.785150
1.716331 -1.275550 0.750000 0.000000 0.000000 -1.250365 1757232529.812000
1.760291 -1.401917 0.750000 0.000000 0.000000 -1.218595 1757232530.810122
1.760291 -1.401917 0.750000 0.000000 0.000000 -1.216385 1757232531.825941
1.760291 -1.401917 0.750000 0.000000 0.000000 -1.216315 1757232532.815125
1.760291 -1.401917 0.750000 0.000000 0.000000 -1.216315 1757232533.826037
1.753647 -1.323685 0.750000 0.000000 0.000000 -1.509956 1757232534.821393
1.783487 -0.937077 0.750000 0.000000 0.000000 -1.754943 1757232535.787989
1.822420 -0.751533 0.750000 0.000000 0.000000 -1.801219 1757232536.787988
1.822420 -0.751533 0.750000 0.000000 0.000000 -1.805123 1757232537.797989
1.822420 -0.751533 0.750000 0.000000 0.000000 -1.805261 1757232538.817991
1.822420 -0.751533 0.750000 0.000000 0.000000 -1.805262 1757232539.788991
1.822420 -0.751533 0.750000 0.000000 0.000000 -1.786508 1757232540.803966
1.818385 -1.097721 0.750000 0.000000 0.000000 -1.514508 1757232541.793964
1.841953 -1.336875 0.750000 0.000000 0.000000 -1.433787 1757232542.802712
1.841953 -1.336875 0.750000 0.000000 0.000000 -1.425378 1757232543.838294
1.841953 -1.336875 0.750000 0.000000 0.000000 -1.425104 1757232544.824016
1.841953 -1.336875 0.750000 0.000000 0.000000 -1.425095 1757232545.794016
1.841953 -1.336875 0.750000 0.000000 0.000000 -1.425095 1757232546.818984
1.828987 -1.124393 0.750000 0.000000 0.000000 -1.539092 1757232547.818979
1.829900 -0.803977 0.750000 0.000000 0.000000 -1.604277 1757232548.813981
1.830395 -0.789736 0.750000 0.000000 0.000000 -1.612431 1757232549.803978
1.830395 -0.789736 0.750000 0.000000 0.000000 -1.612736 1757232550.778981
1.830395 -0.789736 0.750000 0.000000 0.000000 -1.612746 1757232551.798980
1.830395 -0.789736 0.750000 0.000000 0.000000 -1.612746 1757232552.805724
1.830395 -0.789736 0.750000 0.000000 0.000000 -1.612746 1757232553.805777
1.838124 -1.164704 0.750000 0.000000 0.000000 -1.497398 1757232554.800778
1.856275 -1.351986 0.750000 0.000000 0.000000 -1.450203 1757232555.799985
1.856275 -1.351986 0.750000 0.000000 0.000000 -1.446193 1757232556.794987
1.856275 -1.351986 0.750000 0.000000 0.000000 -1.446048 1757232557.799986
1.856275 -1.351986 0.750000 0.000000 0.000000 -1.446045 1757232558.794988
1.856275 -1.351986 0.750000 0.000000 0.000000 -1.446045 1757232559.784981
1.849803 -1.291357 0.750000 0.000000 0.000000 -1.473617 1757232560.789989
1.832134 -0.866834 0.750000 0.000000 0.000000 -1.580588 1757232561.789988
1.833091 -0.806767 0.750000 0.000000 0.000000 -1.598572 1757232562.799986
1.833091 -0.806767 0.750000 0.000000 0.000000 -1.599351 1757232563.789988
1.833091 -0.806767 0.750000 0.000000 0.000000 -1.599378 1757232564.805976
1.833091 -0.806767 0.750000 0.000000 0.000000 -1.599378 1757232565.785975
1.833087 -0.806917 0.750000 0.000000 0.000000 -1.598300 1757232566.795975
1.849802 -1.228525 0.750000 0.000000 0.000000 -1.475160 1757232567.800979
1.864693 -1.362470 0.750000 0.000000 0.000000 -1.441473 1757232568.810991
1.864693 -1.362470 0.750000 0.000000 0.000000 -1.439347 1757232569.805976
1.864693 -1.362470 0.750000 0.000000 0.000000 -1.439273 1757232570.800980
1.864693 -1.362470 0.750000 0.000000 0.000000 -1.439273 1757232571.828986
1.864693 -1.362470 0.750000 0.000000 0.000000 -1.439273 1757232572.829497
1.860298 -1.325078 0.750000 0.000000 0.000000 -1.460410 1757232573.808991
1.836670 -0.897832 0.750000 0.000000 0.000000 -1.565395 1757232574.805968
1.836802 -0.822533 0.750000 0.000000 0.000000 -1.584703 1757232575.818995
1.836802 -0.822533 0.750000 0.000000 0.000000 -1.585683 1757232576.813997
1.836802 -0.822533 0.750000 0.000000 0.000000 -1.585718 1757232577.793996
1.836802 -0.822533 0.750000 0.000000 0.000000 -1.585718 1757232578.823995
1.836802 -0.822533 0.750000 0.000000 0.000000 -1.585718 1757232579.825988
1.833051 -0.997312 0.750000 0.000000 0.000000 -1.574297 1757232580.811983
1.848994 -1.347450 0.750000 0.000000 0.000000 -1.482216 1757232581.816981
1.850883 -1.368214 0.750000 0.000000 0.000000 -1.470651 1757232582.806981
1.850883 -1.368214 0.750000 0.000000 0.000000 -1.470216 1757232583.828975
1.850883 -1.368214 0.750000 0.000000 0.000000 -1.470204 1757232584.817980
1.850883 -1.368214 0.750000 0.000000 0.000000 -1.470204 1757232585.807980
1.850883 -1.368214 0.750000 0.000000 0.000000 -1.373700 1757232586.807979
1.738779 -1.124878 0.750000 0.000000 0.000000 -1.037997 1757232587.805979
1.545025 -0.859067 0.750000 0.000000 0.000000 -0.896842 1757232588.805979
1.502154 -0.806156 0.750000 0.000000 0.000000 -0.877384 1757232589.805982
1.502154 -0.806156 0.750000 0.000000 0.000000 -0.876418 1757232590.790972
1.502154 -0.806156 0.750000 0.000000 0.000000 -0.876381 1757232591.790977
1.502154 -0.806156 0.750000 0.000000 0.000000 -0.876381 1757232592.816001
1.490512 -0.797682 0.750000 0.000000 0.000000 -0.619052 1757232593.818048
1.213939 -0.645310 0.750000 0.000000 0.000000 -0.360869 1757232594.803069
0.913967 -0.541928 0.750000 0.000000 0.000000 -0.307072 1757232595.798047
0.896087 -0.536283 0.750000 0.000000 0.000000 -0.300275 1757232596.840011
0.896087 -0.536283 0.750000 0.000000 0.000000 -0.299993 1757232597.814036
0.896087 -0.536283 0.750000 0.000000 0.000000 -0.299981 1757232598.817969
0.896087 -0.536283 0.750000 0.000000 0.000000 -0.299981 1757232599.807969
0.586763 -0.356419 0.750000 0.000000 0.000000 -0.610472 1757232600.829504
0.358955 -0.174196 0.750000 0.000000 0.000000 -0.731266 1757232601.800078
0.347984 -0.164300 0.750000 0.000000 0.000000 -0.747716 1757232602.815156
0.347984 -0.164300 0.750000 0.000000 0.000000 -0.748288 1757232603.810079
0.347984 -0.164300 0.750000 0.000000 0.000000 -0.748308 1757232604.819865
0.347984 -0.164300 0.750000 0.000000 0.000000 -0.748308 1757232605.830018
0.314223 -0.129450 0.750000 0.000000 0.000000 -0.816320 1757232606.790018
-0.008823 0.268333 0.750000 0.000000 0.000000 -0.957188 1757232607.828916
-0.063485 0.347795 0.750000 0.000000 0.000000 -0.984334 1757232608.823077
-0.063485 0.347795 0.750000 0.000000 0.000000 -0.986012 1757232609.818075
-0.063485 0.347795 0.750000 0.000000 0.000000 -0.986071 1757232610.814222
-0.063485 0.347795 0.750000 0.000000 0.000000 -0.986072 1757232611.818075
-0.063485 0.347795 0.750000 0.000000 0.000000 -0.986072 1757232612.811028
-0.122929 0.560304 0.750000 0.000000 0.000000 -1.363315 1757232613.816026
-0.148502 0.898942 0.750000 0.000000 0.000000 -1.552379 1757232614.813511
-0.149273 1.003937 0.750000 0.000000 0.000000 -1.578781 1757232615.816999
-0.149273 1.003937 0.750000 0.000000 0.000000 -1.580348 1757232616.811981
-0.149273 1.003937 0.750000 0.000000 0.000000 -1.580404 1757232617.821987
-0.149273 1.003937 0.750000 0.000000 0.000000 -1.580404 1757232618.795984
-0.149273 1.003937 0.750000 0.000000 0.000000 -1.802659 1757232619.825985
-0.008996 1.362635 0.750000 0.000000 0.000000 -2.043020 1757232620.785986
0.093076 1.545250 0.750000 0.000000 0.000000 -2.117953 1757232621.790985
0.093076 1.545250 0.750000 0.000000 0.000000 -2.124395 1757232622.805985
0.093076 1.545250 0.750000 0.000000 0.000000 -2.124606 1757232623.827166
0.093076 1.545250 0.750000 0.000000 0.000000 -2.124606 1757232624.800010
0.093076 1.545250 0.750000 0.000000 0.000000 -2.139097 1757232625.799187
0.214067 1.681685 0.750000 0.000000 0.000000 -2.330516 1757232626.800449
0.236356 1.704889 0.750000 0.000000 0.000000 -2.352853 1757232627.825450
0.236356 1.704889 0.750000 0.000000 0.000000 -2.353665 1757232628.790452
0.236356 1.704889 0.750000 0.000000 0.000000 -2.353697 1757232629.803970
0.236356 1.704889 0.750000 0.000000 0.000000 -2.353697 1757232630.798970
0.236356 1.704889 0.750000 0.000000 0.000000 -2.353697 1757232631.813967
0.236356 1.704889 0.750000 0.000000 0.000000 -3.088405 1757232632.823992
-0.004918 1.761790 0.750000 0.000000 -0.000000 2.827369 1757232633.798990
-0.319303 1.906935 0.750000 0.000000 -0.000000 2.655478 1757232634.813992
-0.381966 1.940685 0.750000 0.000000 -0.000000 2.633444 1757232635.818989
-0.381966 1.940685 0.750000 0.000000 -0.000000 2.632405 1757232636.827264
-0.381966 1.940685 0.750000 0.000000 -0.000000 2.632372 1757232637.824005
-0.381966 1.940685 0.750000 0.000000 -0.000000 2.758034 1757232638.798969
-0.164520 1.935560 0.750000 0.000000 0.000000 -3.095137 1757232639.788963
0.171713 1.995734 0.750000 0.000000 0.000000 -2.914943 1757232640.803966
0.271098 2.019655 0.750000 0.000000 0.000000 -2.891334 1757232641.800946
0.271098 2.019655 0.750000 0.000000 0.000000 -2.890017 1757232642.816901
0.271098 2.019655 0.750000 0.000000 0.000000 -2.889978 1757232643.800032
0.271098 2.019655 0.750000 0.000000 0.000000 -2.889978 1757232644.805032
0.130055 2.003561 0.750000 0.000000 0.000000 -3.046231 1757232645.825136
-0.312838 1.970520 0.750000 0.000000 0.000000 -3.084306 1757232646.784898
-0.387426 1.966421 0.750000 0.000000 0.000000 -3.090698 1757232647.821036
-0.387426 1.966421 0.750000 0.000000 0.000000 -3.090989 1757232648.821975
-0.387426 1.966421 0.750000 0.000000 0.000000 -3.090995 1757232649.786977
-0.387426 1.966421 0.750000 0.000000 0.000000 -3.090995 1757232650.796975
-0.383180 1.965924 0.750000 0.000000 -0.000000 3.019386 1757232651.841976
0.080981 1.893999 0.750000 0.000000 -0.000000 3.007221 1757232652.813993
0.264343 1.871011 0.750000 0.000000 -0.000000 3.026962 1757232653.793981
0.264343 1.871011 0.750000 0.000000 -0.000000 3.028723 1757232654.806111
0.264343 1.871011 0.750000 0.000000 -0.000000 3.028788 1757232655.830006
0.264343 1.871011 0.750000 0.000000 -0.000000 3.028788 1757232656.815975
0.264343 1.871011 0.750000 0.000000 -0.000000 3.028788 1757232657.785973
0.491469 1.893249 0.750000 0.000000 0.000000 -3.039634 1757232658.785970
0.881667 1.923758 0.750000 0.000000 0.000000 -3.085638 1757232659.794988
0.921883 1.925932 0.750000 0.000000 0.000000 -3.092468 1757232660.794990
0.921883 1.925932 0.750000 0.000000 0.000000 -3.092751 1757232661.789983
0.921883 1.925932 0.750000 0.000000 0.000000 -3.092754 1757232662.809983
0.921883 1.925932 0.750000 0.000000 0.000000 -3.092754 1757232663.799988
0.778197 1.905074 0.750000 0.000000 0.000000 -2.991595 1757232664.809983
0.322150 1.864085 0.750000 0.000000 0.000000 -3.118971 1757232665.819983
0.267407 1.863216 0.750000 0.000000 0.000000 -3.140415 1757232666.819989
0.267407 1.863216 0.750000 0.000000 0.000000 -3.141343 1757232667.814977
0.267407 1.863216 0.750000 0.000000 0.000000 -3.141371 1757232668.784978
0.267407 1.863216 0.750000 0.000000 0.000000 -3.141371 1757232669.828012
0.270107 1.863239 0.750000 0.000000 0.000000 -3.129270 1757232670.823004
0.741417 1.878774 0.750000 0.000000 0.000000 -3.133739 1757232671.794979
0.924637 1.878127 0.750000 0.000000 -0.000000 3.125572 1757232672.810990
0.924637 1.878127 0.750000 0.000000 -0.000000 3.123793 1757232673.810987
0.924637 1.878127 0.750000 0.000000 -0.000000 3.123736 1757232674.802577
0.924637 1.878127 0.750000 0.000000 -0.000000 3.123736 1757232675.806117
0.924637 1.878127 0.750000 0.000000 -0.000000 3.123736 1757232676.784179
0.504273 1.870720 0.750000 0.000000 -0.000000 3.138452 1757232677.794075
0.264474 1.875184 0.750000 0.000000 -0.000000 3.108207 1757232678.824075
0.264474 1.875184 0.750000 0.000000 -0.000000 3.105588 1757232679.799079
0.264474 1.875184 0.750000 0.000000 -0.000000 3.105491 1757232680.824026
0.264474 1.875184 0.750000 0.000000 -0.000000 3.105491 1757232681.806389
0.264474 1.875184 0.750000 0.000000 -0.000000 3.105491 1757232682.790966
0.514438 1.903754 0.750000 0.000000 0.000000 -3.009592 1757232683.825998
0.885688 1.958659 0.750000 0.000000 0.000000 -2.981606 1757232684.826001
0.918927 1.964056 0.750000 0.000000 0.000000 -2.977803 1757232685.815999
0.918927 1.964056 0.750000 0.000000 0.000000 -2.977645 1757232686.827306
0.918927 1.964056 0.750000 0.000000 0.000000 -2.977645 1757232687.820980
0.918927 1.964056 0.750000 0.000000 0.000000 -2.977645 1757232688.800990
0.534092 1.927540 0.750000 0.000000 0.000000 -3.121495 1757232689.790977
0.258464 1.937245 0.750000 0.000000 -0.000000 3.057027 1757232690.806002
0.258015 1.937284 0.750000 0.000000 -0.000000 3.046281 1757232691.790999
0.258015 1.937284 0.750000 0.000000 -0.000000 3.045880 1757232692.810261
0.258015 1.937284 0.750000 0.000000 -0.000000 3.045872 1757232693.796490
0.258015 1.937284 0.750000 0.000000 -0.000000 3.045872 1757232694.791442
0.106618 1.945936 0.750000 0.000000 -0.000000 3.091095 1757232695.800901
-0.337877 1.979237 0.750000 0.000000 -0.000000 3.039205 1757232696.800996
-0.402017 1.986043 0.750000 0.000000 -0.000000 3.029885 1757232697.785170
-0.402017 1.986043 0.750000 0.000000 -0.000000 3.029381 1757232698.795166
-0.402017 1.986043 0.750000 0.000000 -0.000000 3.029371 1757232699.790166
-0.402017 1.986043 0.750000 0.000000 -0.000000 3.029371 1757232700.826518
-0.402017 1.986043 0.750000 0.000000 -0.000000 3.029371 1757232701.815511
0.029098 1.922309 0.750000 0.000000 -0.000000 3.016737 1757232702.815511
0.250999 1.897639 0.750000 0.000000 -0.000000 3.044678 1757232703.820511
0.250999 1.897639 0.750000 0.000000 -0.000000 3.047141 1757232704.780994
0.250999 1.897639 0.750000 0.000000 -0.000000 3.047250 1757232705.785997
0.250999 1.897639 0.750000 0.000000 -0.000000 3.047250 1757232706.790996
0.250999 1.897639 0.750000 0.000000 -0.000000 3.047250 1757232707.795993
-0.082690 1.894624 0.750000 0.000000 0.000000 -3.087781 1757232708.793144
-0.394939 1.865050 0.750000 0.000000 0.000000 -3.010950 1757232709.794575
-0.410775 1.862942 0.750000 0.000000 0.000000 -3.000867 1757232710.799621
-0.410775 1.862942 0.750000 0.000000 0.000000 -3.000483 1757232711.819576
-0.410775 1.862942 0.750000 0.000000 0.000000 -3.000475 1757232712.824578
-0.410775 1.862942 0.750000 0.000000 0.000000 -3.000475 1757232713.794970
-0.285967 1.846837 0.750000 0.000000 -0.000000 3.005303 1757232714.829973
0.168163 1.810574 0.750000 0.000000 -0.000000 3.129167 1757232715.827612
0.248412 1.810385 0.750000 0.000000 0.000000 -3.128047 1757232716.790065
0.248412 1.810385 0.750000 0.000000 0.000000 -3.126443 1757232717.790064
0.248412 1.810385 0.750000 0.000000 0.000000 -3.126387 1757232718.802715
0.248412 1.810385 0.750000 0.000000 0.000000 -3.126387 1757232719.816731
0.480099 1.823241 0.750000 0.000000 0.000000 -3.085223 1757232720.811727
0.869057 1.834873 0.750000 0.000000 0.000000 -3.135652 1757232721.806728
0.907682 1.835024 0.750000 0.000000 -0.000000 3.140285 1757232722.791727
0.907682 1.835024 0.750000 0.000000 -0.000000 3.139956 1757232723.826726
0.907682 1.835024 0.750000 0.000000 -0.000000 3.139949 1757232724.804003
0.907682 1.835024 0.750000 0.000000 -0.000000 3.139949 1757232725.809004
0.907682 1.835024 0.750000 0.000000 0.000000 -3.112804 1757232726.788973
0.445199 1.801755 0.750000 0.000000 0.000000 -3.131083 1757232727.829501
0.246582 1.805410 0.750000 0.000000 -0.000000 3.094806 1757232728.796901
0.246582 1.805410 0.750000 0.000000 -0.000000 3.089031 1757232729.836956
0.246582 1.805410 0.750000 0.000000 -0.000000 3.088852 1757232730.825973
0.246582 1.805410 0.750000 0.000000 -0.000000 3.088852 1757232731.799683
0.246582 1.805410 0.750000 0.000000 -0.000000 3.088852 1757232732.804682
0.559998 1.837260 0.750000 0.000000 0.000000 -3.020904 1757232733.814687
0.882683 1.880489 0.750000 0.000000 0.000000 -2.997381 1757232734.806880
0.903982 1.883597 0.750000 0.000000 0.000000 -2.994222 1757232735.826881
0.903982 1.883597 0.750000 0.000000 0.000000 -2.994110 1757232736.821883
0.903982 1.883597 0.750000 0.000000 0.000000 -2.994110 1757232737.789960
0.903982 1.883597 0.750000 0.000000 0.000000 -2.994110 1757232738.789963
0.788591 1.869535 0.750000 0.000000 0.000000 -3.035764 1757232739.824962
0.315925 1.861383 0.750000 0.000000 -0.000000 3.065354 1757232740.819961
0.246295 1.867511 0.750000 0.000000 -0.000000 3.033208 1757232741.809959
0.246295 1.867511 0.750000 0.000000 -0.000000 3.031644 1757232742.791985
0.246295 1.867511 0.750000 0.000000 -0.000000 3.031590 1757232743.826979
0.246295 1.867511 0.750000 0.000000 -0.000000 3.031590 1757232744.821979
0.246295 1.867511 0.750000 0.000000 -0.000000 3.031590 1757232745.806978
-0.001901 1.924826 0.750000 0.000000 -0.000000 2.887724 1757232746.801981
-0.149559 1.965173 0.750000 0.000000 -0.000000 2.859911 1757232747.791981
-0.149559 1.965173 0.750000 0.000000 -0.000000 2.857828 1757232748.826979
-0.149559 1.965173 0.750000 0.000000 -0.000000 2.857763 1757232749.818975
-0.149559 1.965173 0.750000 0.000000 -0.000000 2.857763 1757232750.793697
-0.149559 1.965173 0.750000 0.000000 -0.000000 2.857763 1757232751.840413
-0.115435 1.959614 0.750000 0.000000 -0.000000 2.992159 1757232752.786511
0.392029 1.901525 0.750000 0.000000 -0.000000 3.047252 1757232753.790414
0.503614 1.891333 0.750000 0.000000 -0.000000 3.055062 1757232754.818754
0.503614 1.891333 0.750000 0.000000 -0.000000 3.055497 1757232755.821923
0.503614 1.891333 0.750000 0.000000 -0.000000 3.055508 1757232756.811926
0.503614 1.891333 0.750000 0.000000 -0.000000 3.055508 1757232757.802019
0.470486 1.890167 0.750000 0.000000 0.000000 -3.094719 1757232758.817019
-0.039408 1.847518 0.750000 0.000000 0.000000 -3.037913 1757232759.822019
-0.155811 1.834988 0.750000 0.000000 0.000000 -3.029606 1757232760.822019
-0.155811 1.834988 0.750000 0.000000 0.000000 -3.029084 1757232761.832021
-0.155811 1.834988 0.750000 0.000000 0.000000 -3.029073 1757232762.832022
-0.155811 1.834988 0.750000 0.000000 0.000000 -3.029073 1757232763.807020
0.011074 1.847030 0.750000 0.000000 0.000000 -3.075027 1757232764.822019
0.439305 1.886698 0.750000 0.000000 0.000000 -3.021178 1757232765.787019
0.504055 1.894764 0.750000 0.000000 0.000000 -3.011229 1757232766.808908
0.504055 1.894764 0.750000 0.000000 0.000000 -3.010767 1757232767.802033
0.504055 1.894764 0.750000 0.000000 0.000000 -3.010756 1757232768.828981
0.504055 1.894764 0.750000 0.000000 0.000000 -3.010756 1757232769.788984
0.503831 1.894741 0.750000 0.000000 0.000000 -3.039069 1757232770.803982
0.024779 1.891247 0.750000 0.000000 -0.000000 3.085492 1757232771.813985
-0.154007 1.904989 0.750000 0.000000 -0.000000 3.042420 1757232772.818694
-0.154007 1.904989 0.750000 0.000000 -0.000000 3.038969 1757232773.808750
-0.154007 1.904989 0.750000 0.000000 -0.000000 3.038840 1757232774.808749
-0.154007 1.904989 0.750000 0.000000 -0.000000 3.038840 1757232775.798747
-0.154007 1.904989 0.750000 0.000000 -0.000000 3.038840 1757232776.798752
0.127606 1.903008 0.750000 0.000000 0.000000 -3.111290 1757232777.810088
0.477648 1.930306 0.750000 0.000000 0.000000 -3.021551 1757232778.795088
0.502882 1.933419 0.750000 0.000000 0.000000 -3.009201 1757232779.826047
0.502882 1.933419 0.750000 0.000000 0.000000 -3.008751 1757232780.786044
0.502882 1.933419 0.750000 0.000000 0.000000 -3.008739 1757232781.798061
0.502882 1.933419 0.750000 0.000000 0.000000 -3.008739 1757232782.798064
0.323619 1.923894 0.750000 0.000000 0.000000 -3.114925 1757232783.796976
-0.101940 1.937115 0.750000 0.000000 -0.000000 3.055912 1757232784.810840
-0.154743 1.941956 0.750000 0.000000 -0.000000 3.038291 1757232785.810839
-0.154743 1.941956 0.750000 0.000000 -0.000000 3.037518 1757232786.813964
-0.154743 1.941956 0.750000 0.000000 -0.000000 3.037475 1757232787.815968
-0.154743 1.941956 0.750000 0.000000 -0.000000 3.037475 1757232788.830987
-0.154743 1.941956 0.750000 0.000000 -0.000000 3.037475 1757232789.794130
0.289240 1.895562 0.750000 0.000000 -0.000000 3.037475 1757232790.804128
0.499445 1.873597 0.750000 0.000000 -0.000000 3.037471 1757232791.799127
0.499445 1.873597 0.750000 0.000000 -0.000000 3.037471 1757232792.811163
0.499445 1.873597 0.750000 0.000000 -0.000000 3.037471 1757232793.796225
0.499445 1.873597 0.750000 0.000000 -0.000000 3.037471 1757232794.796165
0.499445 1.873597 0.750000 0.000000 -0.000000 3.037471 1757232795.816265
0.334675 1.856408 0.750000 0.000000 0.000000 -3.028417 1757232796.806265
-0.100865 1.816632 0.750000 0.000000 0.000000 -3.075248 1757232797.820199
-0.158123 1.812980 0.750000 0.000000 0.000000 -3.083156 1757232798.787050
-0.158123 1.812980 0.750000 0.000000 0.000000 -3.083598 1757232799.822057
-0.158123 1.812980 0.750000 0.000000 0.000000 -3.083606 1757232800.787056
-0.158123 1.812980 0.750000 0.000000 0.000000 -3.083606 1757232801.827050
0.003315 1.816096 0.750000 0.000000 0.000000 -3.128961 1757232802.802056
0.438105 1.832329 0.750000 0.000000 0.000000 -3.077009 1757232803.793046
0.498566 1.836432 0.750000 0.000000 0.000000 -3.067369 1757232804.810070
0.498566 1.836432 0.750000 0.000000 0.000000 -3.066877 1757232805.822844
0.498566 1.836432 0.750000 0.000000 0.000000 -3.066865 1757232806.827843
0.498566 1.836432 0.750000 0.000000 0.000000 -3.066865 1757232807.797851
0.463849 1.835758 0.750000 0.000000 0.000000 -3.134088 1757232808.807909
-0.040700 1.866914 0.750000 0.000000 -0.000000 3.014701 1757232809.800656
-0.156996 1.883318 0.750000 0.000000 -0.000000 2.983747 1757232810.800025
-0.156996 1.883318 0.750000 0.000000 -0.000000 2.981902 1757232811.814673
-0.156996 1.883318 0.750000 0.000000 -0.000000 2.981840 1757232812.799999
-0.156996 1.883318 0.750000 0.000000 -0.000000 2.981840 1757232813.794996
-0.138008 1.881037 0.750000 0.000000 -0.000000 3.032249 1757232814.804491
0.374048 1.866649 0.750000 0.000000 0.000000 -3.099236 1757232815.804491
0.503801 1.874163 0.750000 0.000000 0.000000 -3.064063 1757232816.799494
0.503801 1.874163 0.750000 0.000000 0.000000 -3.061688 1757232817.829495
0.503801 1.874163 0.750000 0.000000 0.000000 -3.061617 1757232818.814501
0.503801 1.874163 0.750000 0.000000 0.000000 -3.061617 1757232819.814496
0.503801 1.874163 0.750000 0.000000 0.000000 -3.061617 1757232820.819976
0.204481 1.838025 0.750000 0.000000 0.000000 -3.029111 1757232821.809973
-0.130843 1.808216 0.750000 0.000000 0.000000 -3.073794 1757232822.794975
-0.151721 1.806823 0.750000 0.000000 0.000000 -3.079678 1757232823.800091
-0.151721 1.806823 0.750000 0.000000 0.000000 -3.079895 1757232824.802052
-0.151721 1.806823 0.750000 0.000000 0.000000 -3.079895 1757232825.792053
-0.151721 1.806823 0.750000 0.000000 0.000000 -3.079895 1757232826.821968
-0.101050 1.808465 0.750000 0.000000 0.000000 -3.118770 1757232827.811970
0.403499 1.825448 0.750000 0.000000 0.000000 -3.077222 1757232828.806980
0.507340 1.832775 0.750000 0.000000 0.000000 -3.062639 1757232829.796975
0.507340 1.832775 0.750000 0.000000 0.000000 -3.061752 1757232830.824314
0.507340 1.832775 0.750000 0.000000 0.000000 -3.061727 1757232831.819103
0.507340 1.832775 0.750000 0.000000 0.000000 -3.061727 1757232832.794110
0.506816 1.832745 0.750000 0.000000 0.000000 -3.087498 1757232833.794107
0.029625 1.853077 0.750000 0.000000 -0.000000 3.034086 1757232834.796027
-0.150201 1.876436 0.750000 0.000000 -0.000000 2.989367 1757232835.791027
-0.150201 1.876436 0.750000 0.000000 -0.000000 2.985704 1757232836.796942
-0.150201 1.876436 0.750000 0.000000 -0.000000 2.985581 1757232837.792014
-0.150201 1.876436 0.750000 0.000000 -0.000000 2.985581 1757232838.802011
-0.150201 1.876436 0.750000 0.000000 -0.000000 2.985581 1757232839.787008
0.185307 1.858102 0.750000 0.000000 -0.000000 3.134310 1757232840.787009
0.495093 1.868749 0.750000 0.000000 0.000000 -3.070013 1757232841.782219
0.511698 1.869969 0.750000 0.000000 0.000000 -3.059691 1757232842.826378
0.511698 1.869969 0.750000 0.000000 0.000000 -3.059303 1757232843.811385
0.511698 1.869969 0.750000 0.000000 0.000000 -3.059294 1757232844.807159
0.511698 1.869969 0.750000 0.000000 0.000000 -3.059294 1757232845.827243
0.168683 1.828477 0.750000 0.000000 0.000000 -3.034018 1757232846.822240
-0.133884 1.801905 0.750000 0.000000 0.000000 -3.071588 1757232847.822240
-0.141740 1.801358 0.750000 0.000000 0.000000 -3.075976 1757232848.778968
-0.141740 1.801358 0.750000 0.000000 0.000000 -3.076195 1757232849.829740
-0.141740 1.801358 0.750000 0.000000 0.000000 -3.076195 1757232850.819734
-0.141740 1.801358 0.750000 0.000000 0.000000 -3.076195 1757232851.814734
-0.105846 1.802811 0.750000 0.000000 0.000000 -3.110381 1757232852.804734
0.397386 1.821302 0.750000 0.000000 0.000000 -3.076360 1757232853.806487
0.517299 1.829939 0.750000 0.000000 0.000000 -3.061067 1757232854.806974
0.517299 1.829939 0.750000 0.000000 0.000000 -3.060100 1757232855.800002
0.517299 1.829939 0.750000 0.000000 0.000000 -3.060064 1757232856.823939
0.517299 1.829939 0.750000 0.000000 0.000000 -3.060064 1757232857.780946
0.517299 1.829939 0.750000 0.000000 0.000000 -3.060064 1757232858.793946
0.049654 1.831313 0.750000 0.000000 -0.000000 3.044904 1757232859.825967
-0.142582 1.857292 0.750000 0.000000 -0.000000 2.968047 1757232860.815968
-0.142582 1.857292 0.750000 0.000000 -0.000000 2.961564 1757232861.786272
-0.142582 1.857292 0.750000 0.000000 -0.000000 2.961299 1757232862.826272
-0.142582 1.857292 0.750000 0.000000 -0.000000 2.961299 1757232863.811995
-0.142582 1.857292 0.750000 0.000000 -0.000000 2.961299 1757232864.816995
0.208438 1.831176 0.750000 0.000000 -0.000000 3.113727 1757232865.830973
0.501384 1.834198 0.750000 0.000000 0.000000 -3.097006 1757232866.786509
0.516218 1.834884 0.750000 0.000000 0.000000 -3.087098 1757232867.791509
0.516218 1.834884 0.750000 0.000000 0.000000 -3.086730 1757232868.824914
0.516218 1.834884 0.750000 0.000000 0.000000 -3.086725 1757232869.796513
0.516218 1.834884 0.750000 0.000000 0.000000 -3.086725 1757232870.816509
0.455765 1.829716 0.750000 0.000000 0.000000 -3.046808 1757232871.821510
-0.039963 1.788809 0.750000 0.000000 0.000000 -3.089248 1757232872.806509
-0.142451 1.784035 0.750000 0.000000 0.000000 -3.103355 1757232873.821515
-0.142451 1.784035 0.750000 0.000000 0.000000 -3.104145 1757232874.807112
-0.142451 1.784035 0.750000 0.000000 0.000000 -3.104169 1757232875.804118
-0.142451 1.784035 0.750000 0.000000 0.000000 -3.104169 1757232876.825983
-0.142451 1.784035 0.750000 0.000000 0.000000 -3.104169 1757232877.815979
0.228466 1.822894 0.750000 0.000000 0.000000 -2.965577 1757232878.798672
0.505045 1.888544 0.750000 0.000000 0.000000 -2.858714 1757232879.798673
0.511957 1.890562 0.750000 0.000000 0.000000 -2.846184 1757232880.788671
0.511957 1.890562 0.750000 0.000000 0.000000 -2.845700 1757232881.788673
0.511957 1.890562 0.750000 0.000000 0.000000 -2.845688 1757232882.780906
0.511957 1.890562 0.750000 0.000000 0.000000 -2.845688 1757232883.818993
0.506507 1.890034 0.750000 0.000000 0.000000 -3.051994 1757232884.823998
0.008491 1.892129 0.750000 0.000000 -0.000000 3.067802 1757232885.823996
-0.145712 1.906452 0.750000 0.000000 -0.000000 3.026910 1757232886.823193
-0.145712 1.906452 0.750000 0.000000 -0.000000 3.023774 1757232887.816019
-0.145712 1.906452 0.750000 0.000000 -0.000000 3.023647 1757232888.818025
-0.145712 1.906452 0.750000 0.000000 -0.000000 3.023647 1757232889.823977
-0.145712 1.906452 0.750000 0.000000 -0.000000 3.023647 1757232890.809768
0.174677 1.900884 0.750000 0.000000 0.000000 -3.115629 1757232891.823978
0.494524 1.923008 0.750000 0.000000 0.000000 -3.034370 1757232892.826981
0.513833 1.925127 0.750000 0.000000 0.000000 -3.023916 1757232893.787023
0.513833 1.925127 0.750000 0.000000 0.000000 -3.023473 1757232894.787023
0.513833 1.925127 0.750000 0.000000 0.000000 -3.023462 1757232895.827025
0.513833 1.925127 0.750000 0.000000 0.000000 -3.023462 1757232896.827024
0.477614 1.922728 0.750000 0.000000 0.000000 -3.088407 1757232897.814452
-0.028613 1.932065 0.750000 0.000000 -0.000000 3.056339 1757232898.804451
-0.142806 1.943329 0.750000 0.000000 -0.000000 3.025564 1757232899.799454
-0.142806 1.943329 0.750000 0.000000 -0.000000 3.023656 1757232900.794452
-0.142806 1.943329 0.750000 0.000000 -0.000000 3.023587 1757232901.824451
-0.142806 1.943329 0.750000 0.000000 -0.000000 3.023587 1757232902.784451
-0.142806 1.943329 0.750000 0.000000 -0.000000 3.023587 1757232903.824451
0.204567 1.938189 0.750000 0.000000 0.000000 -3.108591 1757232904.815978
0.500471 1.959953 0.750000 0.000000 0.000000 -3.032414 1757232905.799233
0.518137 1.961924 0.750000 0.000000 0.000000 -3.021655 1757232906.794234
0.518137 1.961924 0.750000 0.000000 0.000000 -3.021235 1757232907.830300
0.518137 1.961924 0.750000 0.000000 0.000000 -3.021228 1757232908.819100
0.518137 1.961924 0.750000 0.000000 0.000000 -3.021228 1757232909.814100
0.518137 1.961924 0.750000 0.000000 0.000000 -3.021228 1757232910.830362
0.097308 1.958659 0.750000 0.000000 -0.000000 3.088385 1757232911.804908
-0.145167 1.979158 0.750000 0.000000 -0.000000 3.029304 1757232912.796098
-0.145167 1.979158 0.750000 0.000000 -0.000000 3.022933 1757232913.801984
-0.145167 1.979158 0.750000 0.000000 -0.000000 3.022701 1757232914.804013
-0.145167 1.979158 0.750000 0.000000 -0.000000 3.022700 1757232915.814014
-0.145167 1.979158 0.750000 0.000000 -0.000000 3.022700 1757232916.822081
-0.059824 1.968963 0.750000 0.000000 -0.000000 3.022700 1757232917.784964
0.432650 1.910133 0.750000 0.000000 -0.000000 3.022700 1757232918.816111
0.511291 1.900739 0.750000 0.000000 -0.000000 3.022700 1757232919.818975
0.511291 1.900739 0.750000 0.000000 -0.000000 3.022700 1757232920.818980
0.511291 1.900739 0.750000 0.000000 -0.000000 3.022700 1757232921.810097
0.511291 1.900739 0.750000 0.000000 -0.000000 3.022700 1757232922.819050
0.511291 1.900739 0.750000 0.000000 -0.000000 3.022700 1757232923.809914
0.265079 1.906944 0.750000 0.000000 -0.000000 3.105506 1757232924.802076
-0.106301 1.942508 0.750000 0.000000 -0.000000 2.993657 1757232925.782977
-0.147367 1.948833 0.750000 0.000000 -0.000000 2.976677 1757232926.822976
-0.147367 1.948833 0.750000 0.000000 -0.000000 2.976038 1757232927.824916
-0.147367 1.948833 0.750000 0.000000 -0.000000 2.976021 1757232928.828615
-0.147367 1.948833 0.750000 0.000000 -0.000000 2.976021 1757232929.784908
-0.147367 1.948833 0.750000 0.000000 -0.000000 2.976021 1757232930.808016
0.246729 1.926481 0.750000 0.000000 -0.000000 3.140996 1757232931.800980
0.512991 1.935816 0.750000 0.000000 0.000000 -3.075156 1757232932.818823
0.514263 1.935901 0.750000 0.000000 0.000000 -3.067732 1757232933.809969
0.514263 1.935901 0.750000 0.000000 0.000000 -3.067454 1757232934.784715
0.514263 1.935901 0.750000 0.000000 0.000000 -3.067447 1757232935.809717
0.514263 1.935901 0.750000 0.000000 0.000000 -3.067447 1757232936.819714
0.514263 1.935901 0.750000 0.000000 0.000000 -3.067447 1757232937.811988
0.083590 1.937545 0.750000 0.000000 -0.000000 3.053204 1757232938.807459
-0.145571 1.968403 0.750000 0.000000 -0.000000 2.965429 1757232939.797404
-0.145571 1.968403 0.750000 0.000000 -0.000000 2.956905 1757232940.786979
-0.145571 1.968403 0.750000 0.000000 -0.000000 2.956599 1757232941.818028
-0.145571 1.968403 0.750000 0.000000 -0.000000 2.956595 1757232942.808032
-0.145571 1.968403 0.750000 0.000000 -0.000000 2.956595 1757232943.803030
-0.145571 1.968403 0.750000 0.000000 -0.000000 2.956595 1757232944.793030
0.311714 1.938068 0.750000 0.000000 -0.000000 3.139086 1757232945.828030
0.514816 1.942714 0.750000 0.000000 0.000000 -3.093269 1757232946.818029
0.514816 1.942714 0.750000 0.000000 0.000000 -3.088610 1757232947.818028
0.514816 1.942714 0.750000 0.000000 0.000000 -3.088443 1757232948.815991
0.514816 1.942714 0.750000 0.000000 0.000000 -3.088443 1757232949.793971
0.514816 1.942714 0.750000 0.000000 0.000000 -3.088443 1757232950.800923
0.398368 1.932219 0.750000 0.000000 0.000000 -3.043119 1757232951.798972
-0.069677 1.896160 0.750000 0.000000 0.000000 -3.094555 1757232952.799473
-0.141835 1.893056 0.750000 0.000000 0.000000 -3.105514 1757232953.799474
-0.141835 1.893056 0.750000 0.000000 0.000000 -3.106061 1757232954.784473
-0.141835 1.893056 0.750000 0.000000 0.000000 -3.106076 1757232955.788100
-0.141835 1.893056 0.750000 0.000000 0.000000 -3.106076 1757232956.803093
-0.141835 1.893056 0.750000 0.000000 0.000000 -3.106076 1757232957.808094
0.281669 1.893227 0.750000 0.000000 0.000000 -3.120659 1757232958.843096
0.515583 1.901663 0.750000 0.000000 0.000000 -3.091630 1757232959.788090
0.515583 1.901663 0.750000 0.000000 0.000000 -3.088349 1757232960.803044
0.515583 1.901663 0.750000 0.000000 0.000000 -3.088223 1757232961.798042
0.515583 1.901663 0.750000 0.000000 0.000000 -3.088223 1757232962.801071
0.515583 1.901663 0.750000 0.000000 0.000000 -3.088223 1757232963.824946
0.312833 1.898540 0.750000 0.000000 -0.000000 3.129338 1757232964.820003
-0.096267 1.939025 0.750000 0.000000 -0.000000 2.962782 1757232965.810008
-0.142476 1.947746 0.750000 0.000000 -0.000000 2.937888 1757232966.807074
-0.142476 1.947746 0.750000 0.000000 -0.000000 2.936724 1757232967.806977
-0.142476 1.947746 0.750000 0.000000 -0.000000 2.936686 1757232968.811488
-0.142476 1.947746 0.750000 0.000000 -0.000000 2.936686 1757232969.810961
-0.142476 1.947746 0.750000 0.000000 -0.000000 2.936686 1757232970.805962
0.295067 1.909355 0.750000 0.000000 -0.000000 3.113574 1757232971.841529
0.516968 1.909148 0.750000 0.000000 0.000000 -3.116853 1757232972.795965
0.516968 1.909148 0.750000 0.000000 0.000000 -3.111238 1757232973.795964
0.516968 1.909148 0.750000 0.000000 0.000000 -3.111045 1757232974.790962
0.516968 1.909148 0.750000 0.000000 0.000000 -3.111045 1757232975.785962
0.516968 1.909148 0.750000 0.000000 0.000000 -3.111045 1757232976.785962
0.295613 1.893337 0.750000 0.000000 0.000000 -3.068849 1757232977.815964
-0.098868 1.875093 0.750000 0.000000 0.000000 -3.120654 1757232978.803971
-0.140935 1.874310 0.750000 0.000000 0.000000 -3.128631 1757232979.803968
-0.140935 1.874310 0.750000 0.000000 0.000000 -3.128976 1757232980.825533
-0.140935 1.874310 0.750000 0.000000 0.000000 -3.128983 1757232981.798051
-0.140935 1.874310 0.750000 0.000000 0.000000 -3.128983 1757232982.819966
-0.140935 1.874310 0.750000 0.000000 0.000000 -3.128983 1757232983.819990
0.244290 1.865106 0.750000 0.000000 -0.000000 3.134568 1757232984.819989
0.515463 1.867919 0.750000 0.000000 0.000000 -3.115833 1757232985.809990
0.516363 1.867942 0.750000 0.000000 0.000000 -3.112230 1757232986.824050
0.516363 1.867942 0.750000 0.000000 0.000000 -3.112108 1757232987.804993
0.516363 1.867942 0.750000 0.000000 0.000000 -3.112108 1757232988.799222
0.516363 1.867942 0.750000 0.000000 0.000000 -3.112108 1757232989.803992
0.516363 1.867942 0.750000 0.000000 0.000000 -3.112108 1757232990.798991
0.210051 1.846773 0.750000 0.000000 0.000000 -3.081062 1757232991.793992
-0.127183 1.834086 0.750000 0.000000 0.000000 -3.124203 1757232992.813993
-0.138732 1.833893 0.750000 0.000000 0.000000 -3.129263 1757232993.821554
-0.138732 1.833893 0.750000 0.000000 0.000000 -3.129450 1757232994.796554
-0.138732 1.833893 0.750000 0.000000 0.000000 -3.129450 1757232995.806556
-0.138732 1.833893 0.750000 0.000000 0.000000 -3.129450 1757232996.820021
-0.097413 1.833267 0.750000 0.000000 -0.000000 3.117214 1757232997.820657
0.406907 1.824918 0.750000 0.000000 0.000000 -3.127990 1757232998.810661
0.520284 1.827192 0.750000 0.000000 0.000000 -3.112713 1757232999.813305
0.520284 1.827192 0.750000 0.000000 0.000000 -3.111763 1757233000.818316
0.520284 1.827192 0.750000 0.000000 0.000000 -3.111736 1757233001.798319
0.520284 1.827192 0.750000 0.000000 0.000000 -3.111736 1757233002.798150
0.520284 1.827192 0.750000 0.000000 0.000000 -3.111736 1757233003.788148
0.234792 1.807176 0.750000 0.000000 0.000000 -3.077814 1757233004.808146
-0.116351 1.793229 0.750000 0.000000 0.000000 -3.123083 1757233005.818151
-0.137198 1.792866 0.750000 0.000000 0.000000 -3.128896 1757233006.818147
-0.137198 1.792866 0.750000 0.000000 0.000000 -3.129124 1757233007.818146
-0.137198 1.792866 0.750000 0.000000 0.000000 -3.129125 1757233008.823145
-0.137198 1.792866 0.750000 0.000000 0.000000 -3.129125 1757233009.819447
-0.133523 1.792929 0.750000 0.000000 0.000000 -3.122355 1757233010.802694
0.350281 1.842941 0.750000 0.000000 0.000000 -2.941750 1757233011.801975
0.518510 1.882634 0.750000 0.000000 0.000000 -2.875556 1757233012.792074
0.518510 1.882634 0.750000 0.000000 0.000000 -2.870018 1757233013.826126
0.518510 1.882634 0.750000 0.000000 0.000000 -2.869838 1757233014.815047
0.518510 1.882634 0.750000 0.000000 0.000000 -2.869838 1757233015.785981
0.518510 1.882634 0.750000 0.000000 0.000000 -2.953064 1757233016.825983
0.064204 1.832616 0.750000 0.000000 0.000000 -3.054307 1757233017.804054
-0.134949 1.816563 0.750000 0.000000 0.000000 -3.068103 1757233018.803982
-0.134949 1.816563 0.750000 0.000000 0.000000 -3.069299 1757233019.808981
-0.134949 1.816563 0.750000 0.000000 0.000000 -3.069335 1757233020.814249
-0.134949 1.816563 0.750000 0.000000 0.000000 -3.069335 1757233021.818975
-0.134724 1.816579 0.750000 0.000000 0.000000 -3.072453 1757233022.813975
0.341107 1.835705 0.750000 0.000000 0.000000 -3.076863 1757233023.813974
0.525373 1.849707 0.750000 0.000000 0.000000 -3.054058 1757233024.815963
0.525373 1.849707 0.750000 0.000000 0.000000 -3.052250 1757233025.790726
0.525373 1.849707 0.750000 0.000000 0.000000 -3.052189 1757233026.820724
0.525373 1.849707 0.750000 0.000000 0.000000 -3.052189 1757233027.820725
0.525373 1.849707 0.750000 0.000000 0.000000 -3.052189 1757233028.821989
