0.000000 0.000000 0.750000 0.000000 -0.000000 0.000000 1757224729.470905
0.000000 0.000000 0.750000 0.000000 -0.000000 0.000000 1757224730.465907
0.000000 0.000000 0.750000 0.000000 -0.000000 0.000000 1757224731.478395
0.000000 0.000000 0.750000 0.000000 -0.000000 0.000000 1757224732.478392
0.000000 0.000000 0.750000 0.000000 -0.000000 0.000000 1757224733.476923
0.000000 0.000000 0.750000 0.000000 -0.000000 0.000000 1757224734.508416
0.000000 0.000000 0.750000 0.000000 -0.000000 0.000000 1757224735.475492
0.000000 0.000000 0.750000 0.000000 -0.000000 0.000000 1757224736.493157
0.000000 0.000000 0.750000 0.000000 -0.000000 0.000000 1757224737.473996
0.000000 0.000000 0.750000 0.000000 -0.000000 0.000000 1757224738.484999
0.000000 0.000000 0.750000 0.000000 -0.000000 0.000000 1757224739.481584
