0.000000 0.000000 0.750000 0.000000 -0.000000 0.000000 1757224766.830690
0.000000 0.000000 0.750000 0.000000 -0.000000 0.000000 1757224767.830688
0.000000 0.000000 0.750000 0.000000 -0.000000 0.000000 1757224768.822222
0.000000 0.000000 0.750000 0.000000 -0.000000 0.000000 1757224769.812222
0.000000 0.000000 0.750000 0.000000 -0.000000 0.000000 1757224770.812233
0.000000 0.000000 0.750000 0.000000 -0.000000 0.000000 1757224771.823006
0.000000 0.000000 0.750000 0.000000 -0.000000 0.000000 1757224772.832987
0.000000 0.000000 0.750000 0.000000 -0.000000 0.000000 1757224773.817989
0.000000 0.000000 0.750000 0.000000 -0.000000 0.000000 1757224774.809193
0.000000 0.000000 0.750000 0.000000 -0.000000 0.000000 1757224775.810022
0.000000 0.000000 0.750000 0.000000 -0.000000 0.000000 1757224776.837189
0.000000 0.000000 0.750000 0.000000 -0.000000 0.000000 1757224777.844010
-0.188453 -0.053949 0.750000 0.000000 -0.000000 0.301001 1757224778.803987
-0.380766 -0.117336 0.750000 0.000000 -0.000000 0.336158 1757224779.810997
-0.380766 -0.117336 0.750000 0.000000 -0.000000 0.339209 1757224780.810997
-0.380766 -0.117336 0.750000 0.000000 -0.000000 0.339311 1757224781.811000
-0.380766 -0.117336 0.750000 0.000000 -0.000000 0.339315 1757224782.801388
-0.380766 -0.117336 0.750000 0.000000 -0.000000 0.339315 1757224783.799104
-0.304563 -0.102199 0.750000 0.000000 -0.000000 0.176470 1757224784.818993
-0.172868 -0.082333 0.750000 0.000000 -0.000000 0.117396 1757224785.830776
-0.172868 -0.082333 0.750000 0.000000 -0.000000 0.113216 1757224786.830773
-0.172868 -0.082333 0.750000 0.000000 -0.000000 0.113066 1757224787.817986
-0.172868 -0.082333 0.750000 0.000000 -0.000000 0.113060 1757224788.802263
-0.172868 -0.082333 0.750000 0.000000 -0.000000 0.113060 1757224789.838109
-0.172868 -0.082333 0.750000 0.000000 -0.000000 0.113060 1757224790.792259
-0.346676 -0.135503 0.750000 0.000000 -0.000000 0.329113 1757224791.802261
-0.402997 -0.155302 0.750000 0.000000 -0.000000 0.355674 1757224792.842265
-0.402997 -0.155302 0.750000 0.000000 -0.000000 0.356737 1757224793.830992
-0.402997 -0.155302 0.750000 0.000000 -0.000000 0.356777 1757224794.800993
-0.402997 -0.155302 0.750000 0.000000 -0.000000 0.356778 1757224795.841643
-0.402997 -0.155302 0.750000 0.000000 -0.000000 0.356778 1757224796.806838
-0.319186 -0.136288 0.750000 0.000000 -0.000000 0.201851 1757224797.846005
-0.216768 -0.117692 0.750000 0.000000 -0.000000 0.149224 1757224798.836005
-0.216768 -0.117692 0.750000 0.000000 -0.000000 0.145979 1757224799.838337
-0.216768 -0.117692 0.750000 0.000000 -0.000000 0.145856 1757224800.836131
-0.216768 -0.117692 0.750000 0.000000 -0.000000 0.145852 1757224801.831158
-0.216768 -0.117692 0.750000 0.000000 -0.000000 0.145852 1757224802.826126
-0.216768 -0.117692 0.750000 0.000000 -0.000000 0.145852 1757224803.802449
-0.369730 -0.165171 0.750000 0.000000 -0.000000 0.335066 1757224804.822453
-0.405903 -0.178056 0.750000 0.000000 -0.000000 0.360408 1757224805.807448
-0.405903 -0.178056 0.750000 0.000000 -0.000000 0.361551 1757224806.822448
-0.405903 -0.178056 0.750000 0.000000 -0.000000 0.361590 1757224807.832448
-0.405903 -0.178056 0.750000 0.000000 -0.000000 0.361591 1757224808.822455
-0.405903 -0.178056 0.750000 0.000000 -0.000000 0.361591 1757224809.802448
-0.405903 -0.178056 0.750000 0.000000 -0.000000 0.354381 1757224810.829969
-0.248572 -0.142298 0.750000 0.000000 -0.000000 0.181428 1757224811.794968
-0.246801 -0.141975 0.750000 0.000000 -0.000000 0.163704 1757224812.820065
-0.246801 -0.141975 0.750000 0.000000 -0.000000 0.163011 1757224813.815068
-0.246801 -0.141975 0.750000 0.000000 -0.000000 0.162986 1757224814.820071
-0.246801 -0.141975 0.750000 0.000000 -0.000000 0.162986 1757224815.840077
-0.246801 -0.141975 0.750000 0.000000 -0.000000 0.162986 1757224816.816009
-0.290132 -0.154106 0.750000 0.000000 -0.000000 0.288445 1757224817.811002
-0.409862 -0.193776 0.750000 0.000000 -0.000000 0.360673 1757224818.810381
-0.409862 -0.193776 0.750000 0.000000 -0.000000 0.365709 1757224819.810983
-0.409862 -0.193776 0.750000 0.000000 -0.000000 0.365913 1757224820.825983
-0.409862 -0.193776 0.750000 0.000000 -0.000000 0.365919 1757224821.815984
-0.409862 -0.193776 0.750000 0.000000 -0.000000 0.365919 1757224822.815979
-0.409287 -0.193603 0.750000 0.000000 -0.000000 0.291084 1757224823.805980
-0.254362 -0.157392 0.750000 0.000000 -0.000000 0.184053 1757224824.805983
-0.254362 -0.157392 0.750000 0.000000 -0.000000 0.175429 1757224825.822002
-0.254362 -0.157392 0.750000 0.000000 -0.000000 0.175112 1757224826.811566
-0.254362 -0.157392 0.750000 0.000000 -0.000000 0.175097 1757224827.835278
-0.254362 -0.157392 0.750000 0.000000 -0.000000 0.175097 1757224828.844113
-0.254362 -0.157392 0.750000 0.000000 -0.000000 0.175097 1757224829.818000
-0.387981 -0.198870 0.750000 0.000000 -0.000000 0.339377 1757224830.798000
-0.398579 -0.202645 0.750000 0.000000 -0.000000 0.362181 1757224831.819055
-0.398579 -0.202645 0.750000 0.000000 -0.000000 0.362980 1757224832.818005
-0.398579 -0.202645 0.750000 0.000000 -0.000000 0.363009 1757224833.818001
-0.398579 -0.202645 0.750000 0.000000 -0.000000 0.363010 1757224834.801981
-0.398579 -0.202645 0.750000 0.000000 -0.000000 0.363010 1757224835.841981
-0.357183 -0.191396 0.750000 0.000000 -0.000000 0.251127 1757224836.836976
-0.262015 -0.169560 0.750000 0.000000 -0.000000 0.189522 1757224837.816058
-0.262015 -0.169560 0.750000 0.000000 -0.000000 0.185402 1757224838.804955
-0.262015 -0.169560 0.750000 0.000000 -0.000000 0.185242 1757224839.817994
-0.262015 -0.169560 0.750000 0.000000 -0.000000 0.185237 1757224840.823235
-0.262015 -0.169560 0.750000 0.000000 -0.000000 0.185237 1757224841.838289
