0.000000 0.000000 0.750000 0.000000 -0.000000 0.000000 1757224929.993999
0.000000 0.000000 0.750000 0.000000 -0.000000 0.000000 1757224931.018018
0.000000 0.000000 0.750000 0.000000 -0.000000 0.000000 1757224931.998020
0.000000 0.000000 0.750000 0.000000 -0.000000 0.000000 1757224932.998019
0.000000 0.000000 0.750000 0.000000 -0.000000 0.000000 1757224934.018019
0.000000 0.000000 0.750000 0.000000 -0.000000 0.000000 1757224935.000931
0.000000 0.000000 0.750000 0.000000 -0.000000 0.000000 1757224936.004545
0.000000 0.000000 0.750000 0.000000 -0.000000 0.204802 1757224937.033102
-0.299098 -0.089601 0.750000 0.000000 -0.000000 0.321126 1757224937.998097
-0.382034 -0.117803 0.750000 0.000000 -0.000000 0.338167 1757224938.998097
-0.382034 -0.117803 0.750000 0.000000 -0.000000 0.339070 1757224940.028098
-0.382034 -0.117803 0.750000 0.000000 -0.000000 0.339099 1757224941.029006
-0.382034 -0.117803 0.750000 0.000000 -0.000000 0.339099 1757224942.024017
-0.382034 -0.117803 0.750000 0.000000 -0.000000 0.339099 1757224943.019985
-0.486569 -0.193591 0.750000 0.000000 -0.000000 0.660457 1757224944.019978
-0.770576 -0.474330 0.750000 0.000000 -0.000000 0.861714 1757224945.019981
-0.823342 -0.537356 0.750000 0.000000 -0.000000 0.893368 1757224946.029976
-0.823342 -0.537356 0.750000 0.000000 -0.000000 0.894972 1757224946.999979
-0.823342 -0.537356 0.750000 0.000000 -0.000000 0.895036 1757224948.023036
-0.823342 -0.537356 0.750000 0.000000 -0.000000 0.895037 1757224949.008033
-0.756872 -0.490044 0.750000 0.000000 -0.000000 0.596021 1757224950.018031
-0.453028 -0.305143 0.750000 0.000000 -0.000000 0.505500 1757224951.018031
-0.429369 -0.292132 0.750000 0.000000 -0.000000 0.493602 1757224952.028032
-0.429369 -0.292132 0.750000 0.000000 -0.000000 0.493163 1757224952.998032
-0.429369 -0.292132 0.750000 0.000000 -0.000000 0.493146 1757224954.023036
-0.429369 -0.292132 0.750000 0.000000 -0.000000 0.493146 1757224954.998030
-0.429369 -0.292132 0.750000 0.000000 -0.000000 0.674575 1757224955.993030
-0.658529 -0.529860 0.750000 0.000000 -0.000000 0.839964 1757224957.028030
-0.726226 -0.606755 0.750000 0.000000 -0.000000 0.861763 1757224958.024039
-0.726226 -0.606755 0.750000 0.000000 -0.000000 0.863021 1757224959.017003
-0.726226 -0.606755 0.750000 0.000000 -0.000000 0.863081 1757224960.029990
-0.726226 -0.606755 0.750000 0.000000 -0.000000 0.863082 1757224961.032001
-0.726226 -0.606755 0.750000 0.000000 -0.000000 0.863082 1757224962.011273
-0.615700 -0.526686 0.750000 0.000000 -0.000000 0.605505 1757224963.026272
-0.440707 -0.411716 0.750000 0.000000 -0.000000 0.557406 1757224964.021269
-0.440707 -0.411716 0.750000 0.000000 -0.000000 0.553011 1757224965.026270
-0.440707 -0.411716 0.750000 0.000000 -0.000000 0.552857 1757224965.991273
-0.440707 -0.411716 0.750000 0.000000 -0.000000 0.552851 1757224966.991270
-0.440707 -0.411716 0.750000 0.000000 -0.000000 0.552851 1757224968.026465
-0.445453 -0.416083 0.750000 0.000000 -0.000000 0.750426 1757224968.992044
-0.649358 -0.626753 0.750000 0.000000 -0.000000 0.833609 1757224969.997046
-0.664547 -0.643555 0.750000 0.000000 -0.000000 0.844018 1757224971.012117
-0.664547 -0.643555 0.750000 0.000000 -0.000000 0.844436 1757224972.022114
-0.664547 -0.643555 0.750000 0.000000 -0.000000 0.844450 1757224973.012115
-0.664547 -0.643555 0.750000 0.000000 -0.000000 0.844450 1757224974.029996
-0.664547 -0.643555 0.750000 0.000000 -0.000000 0.844450 1757224975.033985
-0.593275 -0.485214 0.750000 0.000000 -0.000000 1.188429 1757224976.003985
-0.500674 -0.110610 0.750000 0.000000 -0.000000 1.415760 1757224977.012870
-0.486167 -0.008438 0.750000 0.000000 -0.000000 1.449371 1757224978.022870
-0.486167 -0.008438 0.750000 0.000000 -0.000000 1.451195 1757224978.997873
-0.486167 -0.008438 0.750000 0.000000 -0.000000 1.451265 1757224980.017873
-0.486167 -0.008438 0.750000 0.000000 -0.000000 1.451265 1757224981.019639
-0.486167 -0.008438 0.750000 0.000000 -0.000000 1.451265 1757224982.004661
-0.506835 0.192215 0.750000 0.000000 -0.000000 1.700859 1757224983.004635
-0.520845 0.290520 0.750000 0.000000 -0.000000 1.728599 1757224984.004637
-0.520845 0.290520 0.750000 0.000000 -0.000000 1.730157 1757224985.025006
-0.520845 0.290520 0.750000 0.000000 -0.000000 1.730204 1757224986.010006
-0.520845 0.290520 0.750000 0.000000 -0.000000 1.730204 1757224987.010007
-0.520845 0.290520 0.750000 0.000000 -0.000000 1.730204 1757224988.011710
-0.547553 0.353159 0.750000 0.000000 -0.000000 1.988301 1757224989.017969
-0.671983 0.613187 0.750000 0.000000 -0.000000 2.042150 1757224990.027298
-0.677100 0.623205 0.750000 0.000000 -0.000000 2.049101 1757224991.022295
-0.677100 0.623205 0.750000 0.000000 -0.000000 2.049364 1757224992.036984
-0.677100 0.623205 0.750000 0.000000 -0.000000 2.049368 1757224993.034407
-0.677100 0.623205 0.750000 0.000000 -0.000000 2.049368 1757224994.034138
-0.677100 0.623205 0.750000 0.000000 -0.000000 2.049368 1757224995.019132
-0.786632 0.875811 0.750000 0.000000 -0.000000 1.946170 1757224996.024132
-0.796456 0.900961 0.750000 0.000000 -0.000000 1.933244 1757224996.999130
-0.796456 0.900961 0.750000 0.000000 -0.000000 1.932681 1757224998.014131
-0.796456 0.900961 0.750000 0.000000 -0.000000 1.932662 1757224999.027010
-0.796456 0.900961 0.750000 0.000000 -0.000000 1.932662 1757225000.002018
-0.796456 0.900961 0.750000 0.000000 -0.000000 1.932662 1757225001.001992
-0.796456 0.900961 0.750000 0.000000 -0.000000 1.932662 1757225002.021991
-0.899158 1.172274 0.750000 0.000000 -0.000000 1.932661 1757225003.021993
-0.940260 1.280855 0.750000 0.000000 -0.000000 1.932660 1757225004.006993
-0.940260 1.280855 0.750000 0.000000 -0.000000 1.932660 1757225005.031987
-0.940260 1.280855 0.750000 0.000000 -0.000000 1.932660 1757225006.016988
-0.940260 1.280855 0.750000 0.000000 -0.000000 1.932660 1757225007.001994
-0.940260 1.280855 0.750000 0.000000 -0.000000 1.932660 1757225007.997270
-0.955991 1.392236 0.750000 0.000000 -0.000000 1.691064 1757225009.029642
-0.976087 1.610135 0.750000 0.000000 -0.000000 1.635325 1757225010.046247
-0.976087 1.610135 0.750000 0.000000 -0.000000 1.630170 1757225011.026113
-0.976087 1.610135 0.750000 0.000000 -0.000000 1.629973 1757225012.011114
-0.976087 1.610135 0.750000 0.000000 -0.000000 1.629967 1757225013.002996
-0.976087 1.610135 0.750000 0.000000 -0.000000 1.629967 1757225014.027964
-0.976087 1.610135 0.750000 0.000000 -0.000000 0.991581 1757225015.022967
-0.799256 1.792115 0.750000 0.000000 -0.000000 0.769690 1757225016.017989
-0.710689 1.875943 0.750000 0.000000 -0.000000 0.743085 1757225017.026971
-0.710689 1.875943 0.750000 0.000000 -0.000000 0.741409 1757225018.026970
-0.710689 1.875943 0.750000 0.000000 -0.000000 0.741346 1757225019.001973
-0.710689 1.875943 0.750000 0.000000 -0.000000 0.741345 1757225020.022074
-0.710689 1.875943 0.750000 0.000000 -0.000000 0.741345 1757225021.016969
-0.647837 1.943846 0.750000 0.000000 -0.000000 0.873983 1757225022.006965
-0.647837 1.943846 0.750000 0.000000 -0.000000 0.886178 1757225023.021975
-0.647837 1.943846 0.750000 0.000000 -0.000000 0.886592 1757225024.038427
-0.647837 1.943846 0.750000 0.000000 -0.000000 0.886606 1757225025.001976
-0.647837 1.943846 0.750000 0.000000 -0.000000 0.886606 1757225026.031970
-0.647837 1.943846 0.750000 0.000000 -0.000000 0.886606 1757225027.015977
-0.654973 1.935740 0.750000 0.000000 -0.000000 0.840231 1757225028.005974
-0.704881 1.883653 0.750000 0.000000 -0.000000 0.751032 1757225029.030976
-0.704881 1.883653 0.750000 0.000000 -0.000000 0.746899 1757225030.035973
-0.704881 1.883653 0.750000 0.000000 -0.000000 0.746756 1757225031.022219
-0.704881 1.883653 0.750000 0.000000 -0.000000 0.746751 1757225032.031093
-0.704881 1.883653 0.750000 0.000000 -0.000000 0.746751 1757225032.996118
-0.704881 1.883653 0.750000 0.000000 -0.000000 0.746751 1757225033.992902
-0.493313 2.012716 0.750000 0.000000 -0.000000 0.494816 1757225034.998105
-0.139917 2.161760 0.750000 0.000000 -0.000000 0.321512 1757225036.038104
-0.109123 2.171833 0.750000 0.000000 -0.000000 0.299930 1757225037.008165
-0.109123 2.171833 0.750000 0.000000 -0.000000 0.298947 1757225038.018104
-0.109123 2.171833 0.750000 0.000000 -0.000000 0.298913 1757225039.028643
-0.109123 2.171833 0.750000 0.000000 -0.000000 0.298912 1757225040.003646
-0.109123 2.171833 0.750000 0.000000 0.000000 -0.084383 1757225041.013527
0.261663 2.063692 0.750000 0.000000 0.000000 -0.371030 1757225042.021052
0.505493 1.952298 0.750000 0.000000 0.000000 -0.479577 1757225043.030194
0.506025 1.952021 0.750000 0.000000 0.000000 -0.491380 1757225044.004899
0.506025 1.952021 0.750000 0.000000 0.000000 -0.491832 1757225045.036979
0.506025 1.952021 0.750000 0.000000 0.000000 -0.491848 1757225046.027020
0.506025 1.952021 0.750000 0.000000 0.000000 -0.491848 1757225047.011974
0.506025 1.952021 0.750000 0.000000 0.000000 -0.491848 1757225048.028022
0.506025 1.952021 0.750000 0.000000 0.000000 -0.491848 1757225049.030371
0.506025 1.952021 0.750000 0.000000 0.000000 -0.491848 1757225050.022690
0.506025 1.952021 0.750000 0.000000 0.000000 -0.491848 1757225051.022691
0.700520 1.847818 0.750000 0.000000 0.000000 -0.491848 1757225052.022689
0.867777 1.758208 0.750000 0.000000 0.000000 -0.491847 1757225053.012692
0.955147 1.672098 0.750000 0.000000 0.000000 -0.809646 1757225054.002692
1.206940 1.332481 0.750000 0.000000 0.000000 -1.032847 1757225055.020058
1.243209 1.269938 0.750000 0.000000 0.000000 -1.066868 1757225056.007997
1.243209 1.269938 0.750000 0.000000 0.000000 -1.068637 1757225057.034970
1.243209 1.269938 0.750000 0.000000 0.000000 -1.068698 1757225058.009967
1.243209 1.269938 0.750000 0.000000 0.000000 -1.068698 1757225059.029258
1.216068 1.298771 0.750000 0.000000 0.000000 -0.801417 1757225060.002002
0.969930 1.533744 0.750000 0.000000 0.000000 -0.732109 1757225061.022671
0.952833 1.549053 0.750000 0.000000 0.000000 -0.723394 1757225061.997976
0.952833 1.549053 0.750000 0.000000 0.000000 -0.723012 1757225063.008018
0.952833 1.549053 0.750000 0.000000 0.000000 -0.722999 1757225064.043020
0.952833 1.549053 0.750000 0.000000 0.000000 -0.722999 1757225065.003019
0.952833 1.549053 0.750000 0.000000 0.000000 -0.938279 1757225066.008404
1.116722 1.278022 0.750000 0.000000 0.000000 -1.057148 1757225066.977986
1.168238 1.184984 0.750000 0.000000 0.000000 -1.075985 1757225068.009070
1.168238 1.184984 0.750000 0.000000 0.000000 -1.076994 1757225069.016930
1.168238 1.184984 0.750000 0.000000 0.000000 -1.077029 1757225070.035028
1.168238 1.184984 0.750000 0.000000 0.000000 -1.077029 1757225070.998503
1.168238 1.184984 0.750000 0.000000 0.000000 -1.077029 1757225072.019013
1.222830 1.008797 0.750000 0.000000 0.000000 -1.304682 1757225073.037973
1.294091 0.593122 0.750000 0.000000 0.000000 -1.491413 1757225074.023975
1.298097 0.535211 0.750000 0.000000 0.000000 -1.522353 1757225075.016047
1.298097 0.535211 0.750000 0.000000 0.000000 -1.523982 1757225075.991043
1.298097 0.535211 0.750000 0.000000 0.000000 -1.524043 1757225077.021822
1.298097 0.535211 0.750000 0.000000 0.000000 -1.524043 1757225078.026046
1.280538 0.404864 0.750000 0.000000 0.000000 -1.732320 1757225079.031043
1.162893 -0.034991 0.750000 0.000000 0.000000 -1.933024 1757225079.996041
1.135125 -0.105305 0.750000 0.000000 0.000000 -1.970820 1757225081.021986
1.135125 -0.105305 0.750000 0.000000 0.000000 -1.972602 1757225082.021981
1.135125 -0.105305 0.750000 0.000000 0.000000 -1.972661 1757225083.016988
1.135125 -0.105305 0.750000 0.000000 0.000000 -1.972661 1757225084.001986
1.135125 -0.105305 0.750000 0.000000 0.000000 -1.855170 1757225085.032982
1.065947 -0.569527 0.750000 0.000000 0.000000 -1.611407 1757225086.032020
1.065495 -0.762984 0.750000 0.000000 0.000000 -1.534774 1757225086.997040
1.065495 -0.762984 0.750000 0.000000 0.000000 -1.527112 1757225088.002036
1.065495 -0.762984 0.750000 0.000000 0.000000 -1.526834 1757225089.012037
1.065495 -0.762984 0.750000 0.000000 0.000000 -1.526827 1757225090.012036
1.065495 -0.762984 0.750000 0.000000 0.000000 -1.526827 1757225091.012036
1.077091 -0.903794 0.750000 0.000000 0.000000 -1.467115 1757225092.007035
1.080626 -0.936302 0.750000 0.000000 0.000000 -1.449227 1757225093.032040
1.080626 -0.936302 0.750000 0.000000 0.000000 -1.448559 1757225094.034001
1.080626 -0.936302 0.750000 0.000000 0.000000 -1.448535 1757225095.029975
1.080626 -0.936302 0.750000 0.000000 0.000000 -1.448535 1757225096.034983
1.080626 -0.936302 0.750000 0.000000 0.000000 -1.448535 1757225097.030060
1.080626 -0.936302 0.750000 0.000000 0.000000 -1.448535 1757225098.035059
1.080626 -0.936302 0.750000 0.000000 0.000000 -1.448535 1757225098.988917
1.080626 -0.936302 0.750000 0.000000 0.000000 -1.448535 1757225100.009987
1.080626 -0.936302 0.750000 0.000000 0.000000 -1.448535 1757225100.999987
1.080626 -0.936302 0.750000 0.000000 0.000000 -1.448535 1757225102.004987
1.080626 -0.936302 0.750000 0.000000 0.000000 -1.448535 1757225103.009992
1.103767 -1.124634 0.750000 0.000000 0.000000 -1.448535 1757225103.999984
1.123530 -1.290375 0.750000 0.000000 0.000000 -1.205493 1757225105.013110
0.930668 -0.906765 0.750000 0.000000 0.000000 -1.022595 1757225106.028969
0.872809 -0.815577 0.750000 0.000000 0.000000 -0.981860 1757225107.002007
0.872809 -0.815577 0.750000 0.000000 0.000000 -0.979280 1757225108.007006
0.872809 -0.815577 0.750000 0.000000 0.000000 -0.979187 1757225109.032004
0.872809 -0.815577 0.750000 0.000000 0.000000 -0.979185 1757225110.014036
0.872809 -0.815577 0.750000 0.000000 0.000000 -1.017072 1757225111.004037
0.938713 -1.036765 0.750000 0.000000 0.000000 -1.310775 1757225111.995979
0.989612 -1.245433 0.750000 0.000000 0.000000 -1.352212 1757225112.995977
0.989612 -1.245433 0.750000 0.000000 0.000000 -1.355995 1757225113.995990
0.989612 -1.245433 0.750000 0.000000 0.000000 -1.356132 1757225115.015978
0.989612 -1.245433 0.750000 0.000000 0.000000 -1.356133 1757225116.010979
0.989612 -1.245433 0.750000 0.000000 0.000000 -1.356133 1757225116.995977
0.989606 -1.245883 0.750000 0.000000 0.000000 -1.585576 1757225118.035978
0.940429 -1.577237 0.750000 0.000000 0.000000 -1.864083 1757225119.032087
0.840103 -1.867521 0.750000 0.000000 0.000000 -1.937668 1757225119.999043
0.832260 -1.887808 0.750000 0.000000 0.000000 -1.948271 1757225121.035110
0.832260 -1.887808 0.750000 0.000000 0.000000 -1.948646 1757225122.040109
0.832260 -1.887808 0.750000 0.000000 0.000000 -1.948658 1757225123.035110
0.832260 -1.887808 0.750000 0.000000 0.000000 -1.948658 1757225124.000113
0.733934 -2.236016 0.750000 0.000000 0.000000 -1.807226 1757225124.991301
0.700860 -2.381397 0.750000 0.000000 0.000000 -1.779247 1757225126.029968
0.700860 -2.381397 0.750000 0.000000 0.000000 -1.777411 1757225127.019209
0.700860 -2.381397 0.750000 0.000000 0.000000 -1.777341 1757225128.017993
0.700860 -2.381397 0.750000 0.000000 0.000000 -1.777341 1757225129.017997
0.700860 -2.381397 0.750000 0.000000 0.000000 -1.777341 1757225130.008347
0.696276 -2.403273 0.750000 0.000000 0.000000 -1.777341 1757225130.999092
0.591841 -2.901698 0.750000 0.000000 0.000000 -1.777341 1757225131.999098
0.565691 -3.026490 0.750000 0.000000 0.000000 -1.777337 1757225133.034200
0.565691 -3.026490 0.750000 0.000000 0.000000 -1.777337 1757225134.010401
0.565691 -3.026490 0.750000 0.000000 0.000000 -1.777337 1757225134.995394
0.565691 -3.026490 0.750000 0.000000 0.000000 -1.777337 1757225136.018296
0.565691 -3.026490 0.750000 0.000000 0.000000 -1.777337 1757225136.984961
0.549418 -3.104155 0.750000 0.000000 0.000000 -1.777334 1757225138.024945
0.549172 -3.105330 0.750000 0.000000 0.000000 -1.777337 1757225139.027038
0.549172 -3.105330 0.750000 0.000000 0.000000 -1.777337 1757225139.993991
0.549172 -3.105330 0.750000 0.000000 0.000000 -1.777337 1757225140.993990
0.549172 -3.105330 0.750000 0.000000 0.000000 -1.777337 1757225141.993991
0.549172 -3.105330 0.750000 0.000000 0.000000 -1.777337 1757225143.003015
0.549172 -3.105330 0.750000 0.000000 0.000000 -1.777337 1757225144.028014
0.496912 -3.205450 0.750000 0.000000 0.000000 -2.069310 1757225145.032961
0.351297 -3.456841 0.750000 0.000000 0.000000 -2.119102 1757225146.028015
0.347776 -3.462599 0.750000 0.000000 0.000000 -2.124966 1757225147.003015
0.347776 -3.462599 0.750000 0.000000 0.000000 -2.125199 1757225148.003016
0.347776 -3.462599 0.750000 0.000000 0.000000 -2.125200 1757225149.023016
0.347776 -3.462599 0.750000 0.000000 0.000000 -2.125200 1757225150.018018
0.347776 -3.462599 0.750000 0.000000 0.000000 -2.125200 1757225151.023017
0.277764 -3.525826 0.750000 0.000000 0.000000 -2.431465 1757225152.026137
-0.066071 -3.745727 0.750000 0.000000 0.000000 -2.679375 1757225153.036052
-0.211963 -3.815091 0.750000 0.000000 0.000000 -2.718180 1757225154.006051
-0.211963 -3.815091 0.750000 0.000000 0.000000 -2.721432 1757225155.026051
-0.211963 -3.815091 0.750000 0.000000 0.000000 -2.721538 1757225156.008940
-0.211963 -3.815091 0.750000 0.000000 0.000000 -2.721538 1757225156.984979
-0.211963 -3.815091 0.750000 0.000000 0.000000 -2.721538 1757225157.999983
-0.457683 -3.868439 0.750000 0.000000 0.000000 -2.975349 1757225159.012985
-0.824097 -3.897017 0.750000 0.000000 0.000000 -3.140990 1757225159.992439
-0.866546 -3.896732 0.750000 0.000000 -0.000000 3.116705 1757225161.014092
-0.866546 -3.896732 0.750000 0.000000 -0.000000 3.115671 1757225162.029092
-0.866546 -3.896732 0.750000 0.000000 -0.000000 3.115643 1757225163.024090
-0.866546 -3.896732 0.750000 0.000000 -0.000000 3.115643 1757225164.034326
-0.866546 -3.896732 0.750000 0.000000 -0.000000 3.115643 1757225165.029094
-1.061559 -3.862675 0.750000 0.000000 -0.000000 2.941543 1757225166.004090
-1.185259 -3.835751 0.750000 0.000000 -0.000000 2.909408 1757225166.999094
-1.185259 -3.835751 0.750000 0.000000 -0.000000 2.907244 1757225168.004092
-1.185259 -3.835751 0.750000 0.000000 -0.000000 2.907173 1757225168.999091
-1.185259 -3.835751 0.750000 0.000000 -0.000000 2.907173 1757225170.009971
-1.185259 -3.835751 0.750000 0.000000 -0.000000 2.907173 1757225170.992908
-1.185259 -3.835751 0.750000 0.000000 -0.000000 2.892965 1757225172.036025
-0.998470 -3.949235 0.750000 0.000000 -0.000000 2.526575 1757225172.997981
-0.751576 -4.177954 0.750000 0.000000 -0.000000 2.347297 1757225174.033025
-0.677546 -4.254723 0.750000 0.000000 -0.000000 2.325221 1757225175.003019
-0.677546 -4.254723 0.750000 0.000000 -0.000000 2.323694 1757225176.027053
-0.677546 -4.254723 0.750000 0.000000 -0.000000 2.323647 1757225177.040078
-0.677546 -4.254723 0.750000 0.000000 -0.000000 2.323647 1757225178.010076
-0.677546 -4.254723 0.750000 0.000000 -0.000000 2.153724 1757225179.010124
-0.567901 -4.499837 0.750000 0.000000 -0.000000 1.849246 1757225180.025497
-0.492130 -4.840917 0.750000 0.000000 -0.000000 1.751332 1757225181.025506
-0.484176 -4.885514 0.750000 0.000000 -0.000000 1.737779 1757225182.038008
-0.484176 -4.885514 0.750000 0.000000 -0.000000 1.737212 1757225182.998008
-0.484176 -4.885514 0.750000 0.000000 -0.000000 1.737191 1757225184.023016
-0.484176 -4.885514 0.750000 0.000000 -0.000000 1.737191 1757225185.033012
-0.495564 -4.982334 0.750000 0.000000 -0.000000 1.429193 1757225186.025978
-0.595309 -5.383540 0.750000 0.000000 -0.000000 1.246221 1757225187.035978
-0.615575 -5.441922 0.750000 0.000000 -0.000000 1.218395 1757225188.006582
-0.615575 -5.441922 0.750000 0.000000 -0.000000 1.216918 1757225189.005968
-0.615575 -5.441922 0.750000 0.000000 -0.000000 1.216864 1757225190.020970
-0.615575 -5.441922 0.750000 0.000000 -0.000000 1.216864 1757225191.024392
-0.613317 -5.421647 0.750000 0.000000 -0.000000 1.470418 1757225191.989388
-0.594267 -5.074242 0.750000 0.000000 -0.000000 1.547047 1757225193.035866
-0.593616 -5.043948 0.750000 0.000000 -0.000000 1.556283 1757225193.992900
-0.593616 -5.043948 0.750000 0.000000 -0.000000 1.556730 1757225194.990541
-0.593616 -5.043948 0.750000 0.000000 -0.000000 1.556743 1757225196.032062
-0.593616 -5.043948 0.750000 0.000000 -0.000000 1.556743 1757225196.996978
-0.593616 -5.043948 0.750000 0.000000 -0.000000 1.556743 1757225198.011978
-0.593616 -5.043948 0.750000 0.000000 -0.000000 0.998963 1757225199.029004
-0.407916 -4.826115 0.750000 0.000000 -0.000000 0.720143 1757225200.014731
-0.139375 -4.613274 0.750000 0.000000 -0.000000 0.633914 1757225201.016900
-0.113823 -4.594598 0.750000 0.000000 -0.000000 0.622526 1757225202.019733
-0.113823 -4.594598 0.750000 0.000000 -0.000000 0.622082 1757225203.030600
-0.113823 -4.594598 0.750000 0.000000 -0.000000 0.622066 1757225203.988933
-0.113823 -4.594598 0.750000 0.000000 -0.000000 0.617330 1757225205.014024
0.117381 -4.521994 0.750000 0.000000 -0.000000 0.218292 1757225206.004018
0.455625 -4.488066 0.750000 0.000000 -0.000000 0.051973 1757225207.014020
0.539995 -4.484407 0.750000 0.000000 -0.000000 0.029918 1757225208.012567
0.539995 -4.484407 0.750000 0.000000 -0.000000 0.028576 1757225209.025414
0.539995 -4.484407 0.750000 0.000000 -0.000000 0.028528 1757225210.030411
0.539995 -4.484407 0.750000 0.000000 -0.000000 0.028527 1757225211.030410
0.539995 -4.484407 0.750000 0.000000 0.000000 -0.028356 1757225211.995409
0.789663 -4.538806 0.750000 0.000000 0.000000 -0.250348 1757225213.055409
0.861581 -4.557860 0.750000 0.000000 0.000000 -0.273482 1757225214.015411
0.861581 -4.557860 0.750000 0.000000 0.000000 -0.274848 1757225215.030413
0.861581 -4.557860 0.750000 0.000000 0.000000 -0.274896 1757225216.030070
0.861581 -4.557860 0.750000 0.000000 0.000000 -0.274897 1757225217.022003
0.861581 -4.557860 0.750000 0.000000 0.000000 -0.274897 1757225218.008464
0.827841 -4.553295 0.750000 0.000000 0.000000 -0.121330 1757225218.998987
0.636257 -4.537162 0.750000 0.000000 0.000000 -0.046364 1757225219.998985
0.636257 -4.537162 0.750000 0.000000 0.000000 -0.039934 1757225221.003984
0.636257 -4.537162 0.750000 0.000000 0.000000 -0.039711 1757225222.025987
0.636257 -4.537162 0.750000 0.000000 0.000000 -0.039702 1757225223.029976
0.636257 -4.537162 0.750000 0.000000 0.000000 -0.039702 1757225224.009939
0.636257 -4.537162 0.750000 0.000000 0.000000 -0.039702 1757225225.031980
0.634839 -4.538005 0.750000 0.000000 -0.000000 0.539714 1757225226.030759
0.407053 -4.712367 0.750000 0.000000 -0.000000 0.811566 1757225227.006981
0.178736 -4.972532 0.750000 0.000000 -0.000000 0.879408 1757225228.021983
0.159751 -4.995565 0.750000 0.000000 -0.000000 0.888177 1757225229.021982
0.159751 -4.995565 0.750000 0.000000 -0.000000 0.888536 1757225230.020431
0.159751 -4.995565 0.750000 0.000000 -0.000000 0.888549 1757225231.010431
0.159751 -4.995565 0.750000 0.000000 -0.000000 0.674326 1757225232.000427
0.457541 -4.822281 0.750000 0.000000 -0.000000 0.382544 1757225233.032432
0.738068 -4.723626 0.750000 0.000000 -0.000000 0.300508 1757225234.014980
0.761011 -4.716583 0.750000 0.000000 -0.000000 0.288469 1757225235.032965
0.761011 -4.716583 0.750000 0.000000 -0.000000 0.288019 1757225235.992898
0.761011 -4.716583 0.750000 0.000000 -0.000000 0.288000 1757225237.028003
0.761011 -4.716583 0.750000 0.000000 -0.000000 0.288000 1757225238.019973
0.643468 -4.793574 0.750000 0.000000 -0.000000 0.615056 1757225239.027327
0.377742 -5.046528 0.750000 0.000000 -0.000000 0.836072 1757225240.032375
0.274099 -5.164915 0.750000 0.000000 -0.000000 0.869389 1757225241.048921
0.274099 -5.164915 0.750000 0.000000 -0.000000 0.871732 1757225242.007035
0.274099 -5.164915 0.750000 0.000000 -0.000000 0.871833 1757225243.020025
0.274099 -5.164915 0.750000 0.000000 -0.000000 0.871835 1757225244.024357
0.274099 -5.164915 0.750000 0.000000 -0.000000 0.871835 1757225244.999354
0.465131 -5.046051 0.750000 0.000000 -0.000000 0.482484 1757225246.019354
0.785008 -4.920743 0.750000 0.000000 -0.000000 0.322641 1757225247.031967
0.855048 -4.897968 0.750000 0.000000 -0.000000 0.300569 1757225248.017116
0.855048 -4.897968 0.750000 0.000000 -0.000000 0.299411 1757225249.030769
0.855048 -4.897968 0.750000 0.000000 -0.000000 0.299370 1757225250.034096
0.855048 -4.897968 0.750000 0.000000 -0.000000 0.299369 1757225251.039226
0.855048 -4.897968 0.750000 0.000000 -0.000000 0.959103 1757225252.011035
0.856206 -4.903855 0.750000 0.000000 -0.000000 1.771774 1757225253.021025
0.984501 -5.273851 0.750000 0.000000 -0.000000 2.043373 1757225253.992243
1.111346 -5.500346 0.750000 0.000000 -0.000000 2.114507 1757225255.011331
1.113833 -5.504451 0.750000 0.000000 -0.000000 2.123716 1757225256.006001
1.113833 -5.504451 0.750000 0.000000 -0.000000 2.124075 1757225257.005987
1.113833 -5.504451 0.750000 0.000000 -0.000000 2.124081 1757225258.035982
1.304753 -5.754674 0.750000 0.000000 -0.000000 2.265930 1757225259.031989
1.527340 -5.998167 0.750000 0.000000 -0.000000 2.351266 1757225260.031987
1.536853 -6.007746 0.750000 0.000000 -0.000000 2.361623 1757225261.031987
1.536853 -6.007746 0.750000 0.000000 -0.000000 2.361991 1757225262.026067
1.536853 -6.007746 0.750000 0.000000 -0.000000 2.362001 1757225262.995997
1.536853 -6.007746 0.750000 0.000000 -0.000000 2.362001 1757225264.017029
1.536853 -6.007746 0.750000 0.000000 -0.000000 2.197011 1757225265.012019
1.697980 -6.342713 0.750000 0.000000 -0.000000 1.941189 1757225266.032024
1.752645 -6.496465 0.750000 0.000000 -0.000000 1.881170 1757225267.020761
1.752645 -6.496465 0.750000 0.000000 -0.000000 1.876249 1757225268.035978
1.752645 -6.496465 0.750000 0.000000 -0.000000 1.876058 1757225269.013031
1.752645 -6.496465 0.750000 0.000000 -0.000000 1.876053 1757225270.028040
1.752645 -6.496465 0.750000 0.000000 -0.000000 1.876053 1757225271.033901
1.753462 -6.501195 0.750000 0.000000 -0.000000 1.735784 1757225272.003041
1.775392 -6.992928 0.750000 0.000000 -0.000000 1.503925 1757225273.009972
1.758628 -7.158705 0.750000 0.000000 -0.000000 1.433153 1757225274.021987
1.758628 -7.158705 0.750000 0.000000 -0.000000 1.427695 1757225275.011978
1.758628 -7.158705 0.750000 0.000000 -0.000000 1.427496 1757225276.031413
1.758628 -7.158705 0.750000 0.000000 -0.000000 1.427493 1757225276.999998
1.758628 -7.158705 0.750000 0.000000 -0.000000 1.427493 1757225277.994115
1.738549 -7.222512 0.750000 0.000000 -0.000000 1.245881 1757225279.034115
1.577336 -7.604279 0.750000 0.000000 -0.000000 1.105621 1757225280.005973
1.546668 -7.664072 0.750000 0.000000 -0.000000 1.081130 1757225280.988994
1.546668 -7.664072 0.750000 0.000000 -0.000000 1.079843 1757225282.023989
1.546668 -7.664072 0.750000 0.000000 -0.000000 1.079805 1757225283.018989
1.546668 -7.664072 0.750000 0.000000 -0.000000 1.079805 1757225284.033990
1.546668 -7.664072 0.750000 0.000000 -0.000000 1.079805 1757225285.016915
1.488401 -7.744090 0.750000 0.000000 -0.000000 0.916289 1757225286.002006
1.427521 -7.820045 0.750000 0.000000 -0.000000 0.864606 1757225286.996979
1.427521 -7.820045 0.750000 0.000000 -0.000000 0.861649 1757225288.021981
1.427521 -7.820045 0.750000 0.000000 -0.000000 0.861550 1757225289.031982
1.427521 -7.820045 0.750000 0.000000 -0.000000 0.861548 1757225290.032565
1.427521 -7.820045 0.750000 0.000000 -0.000000 0.861548 1757225291.001854
1.427521 -7.820045 0.750000 0.000000 -0.000000 0.861548 1757225292.021856
1.492816 -7.716541 0.750000 0.000000 -0.000000 1.035690 1757225293.011851
1.529807 -7.651991 0.750000 0.000000 -0.000000 1.075364 1757225294.006851
1.529807 -7.651991 0.750000 0.000000 -0.000000 1.077462 1757225295.041869
1.529807 -7.651991 0.750000 0.000000 -0.000000 1.077529 1757225296.026850
1.529807 -7.651991 0.750000 0.000000 -0.000000 1.077529 1757225296.992928
1.529807 -7.651991 0.750000 0.000000 -0.000000 1.077529 1757225298.001856
1.529807 -7.651991 0.750000 0.000000 -0.000000 1.007336 1757225299.001869
1.247627 -7.963300 0.750000 0.000000 -0.000000 0.740092 1757225300.031850
1.059647 -8.118085 0.750000 0.000000 -0.000000 0.641862 1757225301.024183
1.059647 -8.118085 0.750000 0.000000 -0.000000 0.631617 1757225301.996341
1.059647 -8.118085 0.750000 0.000000 -0.000000 0.631220 1757225303.031343
1.059647 -8.118085 0.750000 0.000000 -0.000000 0.631209 1757225304.026342
1.059647 -8.118085 0.750000 0.000000 -0.000000 0.631209 1757225305.021984
0.955819 -8.165489 0.750000 0.000000 -0.000000 0.408616 1757225306.021975
0.788854 -8.233099 0.750000 0.000000 -0.000000 0.359015 1757225307.031970
0.788854 -8.233099 0.750000 0.000000 -0.000000 0.355193 1757225307.984242
0.788854 -8.233099 0.750000 0.000000 -0.000000 0.355030 1757225309.020969
0.788854 -8.233099 0.750000 0.000000 -0.000000 0.355025 1757225310.008923
0.788854 -8.233099 0.750000 0.000000 -0.000000 0.355025 1757225311.036987
0.788854 -8.233099 0.750000 0.000000 -0.000000 0.143903 1757225312.032925
0.450142 -8.247920 0.750000 0.000000 -0.000000 0.006425 1757225313.046496
0.349943 -8.247676 0.750000 0.000000 0.000000 -0.014482 1757225314.008036
0.349943 -8.247676 0.750000 0.000000 0.000000 -0.015892 1757225315.002040
0.349943 -8.247676 0.750000 0.000000 0.000000 -0.015945 1757225316.007039
0.349943 -8.247676 0.750000 0.000000 0.000000 -0.015947 1757225317.007037
0.349943 -8.247676 0.750000 0.000000 0.000000 -0.015947 1757225318.007037
0.105884 -8.261403 0.750000 0.000000 -0.000000 0.086823 1757225319.022040
-0.019188 -8.273918 0.750000 0.000000 -0.000000 0.115636 1757225320.027045
-0.019188 -8.273918 0.750000 0.000000 -0.000000 0.117447 1757225321.037984
-0.019188 -8.273918 0.750000 0.000000 -0.000000 0.117511 1757225322.029018
-0.019188 -8.273918 0.750000 0.000000 -0.000000 0.117512 1757225323.010101
-0.019188 -8.273918 0.750000 0.000000 -0.000000 0.117512 1757225324.019004
-0.021397 -8.273493 0.750000 0.000000 0.000000 -0.194569 1757225325.014000
-0.393302 -8.168736 0.750000 0.000000 0.000000 -0.319410 1757225326.018998
-0.471428 -8.142230 0.750000 0.000000 0.000000 -0.339381 1757225327.016906
-0.471428 -8.142230 0.750000 0.000000 0.000000 -0.340368 1757225328.039016
-0.471428 -8.142230 0.750000 0.000000 0.000000 -0.340397 1757225329.004018
-0.471428 -8.142230 0.750000 0.000000 0.000000 -0.340398 1757225330.001023
-0.471428 -8.142230 0.750000 0.000000 0.000000 -0.358275 1757225330.996024
-0.553924 -8.105193 0.750000 0.000000 0.000000 -0.477790 1757225332.010005
-0.553924 -8.105193 0.750000 0.000000 0.000000 -0.485029 1757225333.046000
-0.553924 -8.105193 0.750000 0.000000 0.000000 -0.485273 1757225334.035987
-0.553924 -8.105193 0.750000 0.000000 0.000000 -0.485282 1757225335.030993
-0.553924 -8.105193 0.750000 0.000000 0.000000 -0.485282 1757225336.013243
-0.553924 -8.105193 0.750000 0.000000 0.000000 -0.485282 1757225337.003247
-0.678644 -8.039422 0.750000 0.000000 0.000000 -0.485281 1757225338.003989
-1.083454 -7.825948 0.750000 0.000000 0.000000 -0.485282 1757225339.003984
-1.137720 -7.797331 0.750000 0.000000 0.000000 -0.485272 1757225340.013981
-1.137720 -7.797331 0.750000 0.000000 0.000000 -0.485271 1757225341.020052
-1.137720 -7.797331 0.750000 0.000000 0.000000 -0.485271 1757225341.992018
-1.137720 -7.797331 0.750000 0.000000 0.000000 -0.485271 1757225343.002021
-1.137720 -7.797331 0.750000 0.000000 0.000000 -0.485271 1757225344.007017
-1.349391 -7.621631 0.750000 0.000000 0.000000 -0.749244 1757225345.002022
-1.567755 -7.391333 0.750000 0.000000 0.000000 -0.867093 1757225346.037972
-1.571244 -7.387213 0.750000 0.000000 0.000000 -0.879705 1757225346.996927
-1.571244 -7.387213 0.750000 0.000000 0.000000 -0.880272 1757225347.994001
-1.571244 -7.387213 0.750000 0.000000 0.000000 -0.880291 1757225349.032205
-1.571244 -7.387213 0.750000 0.000000 0.000000 -0.880291 1757225350.027976
-1.579997 -7.375033 0.750000 0.000000 0.000000 -0.957188 1757225351.034828
-1.636830 -7.288018 0.750000 0.000000 0.000000 -1.040132 1757225351.999824
-1.636830 -7.288018 0.750000 0.000000 0.000000 -1.045496 1757225353.026974
-1.636830 -7.288018 0.750000 0.000000 0.000000 -1.045669 1757225354.001981
-1.636830 -7.288018 0.750000 0.000000 0.000000 -1.045673 1757225355.001978
-1.636830 -7.288018 0.750000 0.000000 0.000000 -1.045673 1757225356.001978
-1.636830 -7.288018 0.750000 0.000000 0.000000 -1.045673 1757225357.001982
-1.665999 -7.228492 0.750000 0.000000 0.000000 -1.144028 1757225358.021981
-1.674343 -7.209712 0.750000 0.000000 0.000000 -1.189260 1757225359.044122
-1.674343 -7.209712 0.750000 0.000000 0.000000 -1.191037 1757225360.034059
-1.674343 -7.209712 0.750000 0.000000 0.000000 -1.191107 1757225361.024058
-1.674343 -7.209712 0.750000 0.000000 0.000000 -1.191107 1757225362.025979
-1.674343 -7.209712 0.750000 0.000000 0.000000 -1.191107 1757225363.020988
-1.674343 -7.209712 0.750000 0.000000 0.000000 -1.191107 1757225364.010981
-1.607891 -7.316029 0.750000 0.000000 0.000000 -0.985447 1757225365.015985
-1.309239 -7.678871 0.750000 0.000000 0.000000 -0.779435 1757225366.036989
-1.259991 -7.726336 0.750000 0.000000 0.000000 -0.744838 1757225367.026991
-1.259991 -7.726336 0.750000 0.000000 0.000000 -0.743131 1757225368.026992
-1.259991 -7.726336 0.750000 0.000000 0.000000 -0.743071 1757225369.024132
-1.259991 -7.726336 0.750000 0.000000 0.000000 -0.743071 1757225369.996935
-1.259991 -7.726336 0.750000 0.000000 0.000000 -0.743071 1757225371.006735
-0.945674 -7.957116 0.750000 0.000000 0.000000 -0.579000 1757225372.036737
-0.716830 -8.095736 0.750000 0.000000 0.000000 -0.514642 1757225373.001962
-0.710952 -8.099051 0.750000 0.000000 0.000000 -0.506620 1757225374.011965
-0.710952 -8.099051 0.750000 0.000000 0.000000 -0.506342 1757225375.001987
-0.710952 -8.099051 0.750000 0.000000 0.000000 -0.506333 1757225376.035046
-0.710952 -8.099051 0.750000 0.000000 0.000000 -0.506333 1757225377.015205
-0.707279 -8.101089 0.750000 0.000000 0.000000 -0.506333 1757225378.035204
-0.335911 -8.307028 0.750000 0.000000 0.000000 -0.506339 1757225379.003016
-0.223622 -8.369299 0.750000 0.000000 0.000000 -0.506359 1757225380.013017
-0.223622 -8.369299 0.750000 0.000000 0.000000 -0.506368 1757225380.998016
-0.223622 -8.369299 0.750000 0.000000 0.000000 -0.506368 1757225382.038017
-0.223622 -8.369299 0.750000 0.000000 0.000000 -0.506368 1757225383.003018
-0.223622 -8.369299 0.750000 0.000000 0.000000 -0.506368 1757225384.013020
-0.223622 -8.369299 0.750000 0.000000 0.000000 -0.370232 1757225385.003017
-0.026415 -8.371641 0.750000 0.000000 -0.000000 0.011112 1757225386.005054
0.189477 -8.365193 0.750000 0.000000 -0.000000 0.048744 1757225387.036850
0.189477 -8.365193 0.750000 0.000000 -0.000000 0.051735 1757225388.026008
0.189477 -8.365193 0.750000 0.000000 -0.000000 0.051885 1757225388.993015
0.189477 -8.365193 0.750000 0.000000 -0.000000 0.051892 1757225390.033030
0.189477 -8.365193 0.750000 0.000000 -0.000000 0.051892 1757225390.994998
0.189477 -8.365193 0.750000 0.000000 -0.000000 0.167083 1757225392.005033
0.265112 -8.295439 0.750000 0.000000 -0.000000 0.763150 1757225393.015033
0.477995 -8.079669 0.750000 0.000000 -0.000000 0.817509 1757225394.031000
0.487937 -8.069043 0.750000 0.000000 -0.000000 0.824525 1757225395.000993
0.487937 -8.069043 0.750000 0.000000 -0.000000 0.824798 1757225396.010994
0.487937 -8.069043 0.750000 0.000000 -0.000000 0.824806 1757225397.021969
0.487937 -8.069043 0.750000 0.000000 -0.000000 0.822497 1757225397.991969
0.668295 -7.920525 0.750000 0.000000 -0.000000 0.654279 1757225399.011974
0.702115 -7.894869 0.750000 0.000000 -0.000000 0.635832 1757225400.010987
0.702115 -7.894869 0.750000 0.000000 -0.000000 0.635046 1757225401.035647
0.702115 -7.894869 0.750000 0.000000 -0.000000 0.635019 1757225402.000057
0.702115 -7.894869 0.750000 0.000000 -0.000000 0.635019 1757225403.030033
0.703323 -7.893979 0.750000 0.000000 -0.000000 0.635019 1757225404.000029
1.060528 -7.630781 0.750000 0.000000 -0.000000 0.635028 1757225405.035027
1.155203 -7.561020 0.750000 0.000000 -0.000000 0.635021 1757225406.030030
1.155203 -7.561020 0.750000 0.000000 -0.000000 0.635021 1757225407.030029
1.155203 -7.561020 0.750000 0.000000 -0.000000 0.635021 1757225408.016949
1.155203 -7.561020 0.750000 0.000000 -0.000000 0.635021 1757225409.032901
1.155203 -7.561020 0.750000 0.000000 -0.000000 0.635021 1757225410.030028
1.199159 -7.528631 0.750000 0.000000 -0.000000 0.635021 1757225411.005028
1.414110 -7.370249 0.750000 0.000000 -0.000000 0.635027 1757225412.033888
1.414352 -7.370070 0.750000 0.000000 -0.000000 0.635022 1757225413.005995
1.414352 -7.370070 0.750000 0.000000 -0.000000 0.635022 1757225414.031000
1.414352 -7.370070 0.750000 0.000000 -0.000000 0.635022 1757225414.995996
1.414352 -7.370070 0.750000 0.000000 -0.000000 0.635022 1757225416.031004
1.414352 -7.370070 0.750000 0.000000 -0.000000 0.635022 1757225417.032043
1.527809 -7.214542 0.750000 0.000000 -0.000000 0.993405 1757225418.007006
1.676084 -6.897670 0.750000 0.000000 -0.000000 1.192713 1757225419.007001
1.719252 -6.785063 0.750000 0.000000 -0.000000 1.220180 1757225420.002042
1.719252 -6.785063 0.750000 0.000000 -0.000000 1.221856 1757225420.991768
1.719252 -6.785063 0.750000 0.000000 -0.000000 1.221923 1757225422.036770
1.719252 -6.785063 0.750000 0.000000 -0.000000 1.221923 1757225422.996764
1.730024 -6.689678 0.750000 0.000000 -0.000000 1.475412 1757225424.036763
1.747391 -6.431245 0.750000 0.000000 -0.000000 1.528719 1757225425.036771
1.747404 -6.430946 0.750000 0.000000 -0.000000 1.534268 1757225425.997995
1.747404 -6.430946 0.750000 0.000000 -0.000000 1.534484 1757225427.032950
1.747404 -6.430946 0.750000 0.000000 -0.000000 1.534488 1757225428.022995
1.747404 -6.430946 0.750000 0.000000 -0.000000 1.534488 1757225428.997994
1.746591 -6.380258 0.750000 0.000000 -0.000000 1.602894 1757225429.987995
1.709819 -5.957665 0.750000 0.000000 -0.000000 1.701426 1757225431.007997
1.702316 -5.902524 0.750000 0.000000 -0.000000 1.715655 1757225432.007995
1.702316 -5.902524 0.750000 0.000000 -0.000000 1.716284 1757225433.027998
1.702316 -5.902524 0.750000 0.000000 -0.000000 1.716300 1757225434.012997
1.702316 -5.902524 0.750000 0.000000 -0.000000 1.716300 1757225435.037997
1.702316 -5.902524 0.750000 0.000000 -0.000000 1.716300 1757225436.032995
1.702316 -5.902524 0.750000 0.000000 -0.000000 1.914242 1757225437.028898
1.554908 -5.628158 0.750000 0.000000 -0.000000 2.210487 1757225438.015975
1.346835 -5.376413 0.750000 0.000000 -0.000000 2.300500 1757225439.005975
1.327773 -5.355227 0.750000 0.000000 -0.000000 2.313031 1757225440.025975
1.327773 -5.355227 0.750000 0.000000 -0.000000 2.313504 1757225441.025975
1.327773 -5.355227 0.750000 0.000000 -0.000000 2.313516 1757225441.991999
1.327773 -5.355227 0.750000 0.000000 -0.000000 2.313516 1757225443.002998
1.297679 -5.332605 0.750000 0.000000 -0.000000 2.509984 1757225444.032992
0.892322 -5.039514 0.750000 0.000000 -0.000000 2.492671 1757225445.003000
0.795946 -4.965528 0.750000 0.000000 -0.000000 2.479248 1757225446.027995
0.795946 -4.965528 0.750000 0.000000 -0.000000 2.478508 1757225447.017993
0.795946 -4.965528 0.750000 0.000000 -0.000000 2.478485 1757225448.037994
0.795946 -4.965528 0.750000 0.000000 -0.000000 2.478485 1757225449.013315
0.795946 -4.965528 0.750000 0.000000 -0.000000 2.478485 1757225450.002994
0.736564 -4.913134 0.750000 0.000000 -0.000000 2.399778 1757225450.992994
0.394614 -4.554103 0.750000 0.000000 -0.000000 2.266163 1757225451.997993
0.341031 -4.488639 0.750000 0.000000 -0.000000 2.241590 1757225453.017995
0.341031 -4.488639 0.750000 0.000000 -0.000000 2.240407 1757225454.033000
0.341031 -4.488639 0.750000 0.000000 -0.000000 2.240375 1757225455.023001
0.341031 -4.488639 0.750000 0.000000 -0.000000 2.240375 1757225456.017993
0.341031 -4.488639 0.750000 0.000000 -0.000000 2.240375 1757225457.007998
0.296310 -4.405746 0.750000 0.000000 -0.000000 2.044499 1757225458.045339
0.121755 -3.957687 0.750000 0.000000 -0.000000 1.837550 1757225459.035341
0.100131 -3.873421 0.750000 0.000000 -0.000000 1.797767 1757225460.025338
0.100131 -3.873421 0.750000 0.000000 -0.000000 1.795532 1757225461.026009
0.100131 -3.873421 0.750000 0.000000 -0.000000 1.795448 1757225462.010979
0.100131 -3.873421 0.750000 0.000000 -0.000000 1.795448 1757225463.005980
0.100131 -3.873421 0.750000 0.000000 -0.000000 1.795448 1757225464.020983
0.106247 -3.770720 0.750000 0.000000 -0.000000 1.484957 1757225465.035978
0.186848 -3.415549 0.750000 0.000000 -0.000000 1.254189 1757225466.001004
0.251282 -3.231037 0.750000 0.000000 -0.000000 1.214377 1757225467.035978
0.251282 -3.231037 0.750000 0.000000 -0.000000 1.211419 1757225467.995980
0.251282 -3.231037 0.750000 0.000000 -0.000000 1.211294 1757225469.036285
0.251282 -3.231037 0.750000 0.000000 -0.000000 1.211294 1757225469.998971
0.251282 -3.231037 0.750000 0.000000 -0.000000 1.208137 1757225471.024059
0.460827 -2.826897 0.750000 0.000000 -0.000000 1.029800 1757225472.024057
0.571987 -2.652123 0.750000 0.000000 -0.000000 0.978989 1757225473.019057
0.571987 -2.652123 0.750000 0.000000 -0.000000 0.974379 1757225474.014059
0.571987 -2.652123 0.750000 0.000000 -0.000000 0.974208 1757225475.020901
0.571987 -2.652123 0.750000 0.000000 -0.000000 0.974204 1757225476.034064
0.571987 -2.652123 0.750000 0.000000 -0.000000 0.974204 1757225477.024057
0.571987 -2.652123 0.750000 0.000000 -0.000000 1.186678 1757225478.014059
0.654547 -2.305568 0.750000 0.000000 -0.000000 1.464232 1757225479.028031
0.671868 -2.027637 0.750000 0.000000 -0.000000 1.547570 1757225479.998030
0.671949 -2.024038 0.750000 0.000000 -0.000000 1.557571 1757225481.003033
0.671949 -2.024038 0.750000 0.000000 -0.000000 1.557913 1757225482.003037
0.671949 -2.024038 0.750000 0.000000 -0.000000 1.557922 1757225483.034168
0.671949 -2.024038 0.750000 0.000000 -0.000000 1.557922 1757225484.028019
0.671100 -2.020231 0.750000 0.000000 -0.000000 1.796707 1757225484.984933
0.546041 -1.690328 0.750000 0.000000 -0.000000 2.076241 1757225486.012515
0.395562 -1.437634 0.750000 0.000000 -0.000000 2.135670 1757225486.987512
0.387356 -1.424720 0.750000 0.000000 -0.000000 2.143485 1757225488.019003
0.387356 -1.424720 0.750000 0.000000 -0.000000 2.143750 1757225489.009984
0.387356 -1.424720 0.750000 0.000000 -0.000000 2.143755 1757225490.020923
0.387356 -1.424720 0.750000 0.000000 -0.000000 2.143755 1757225491.004917
0.219673 -1.252280 0.750000 0.000000 -0.000000 2.376636 1757225492.005966
0.041904 -1.090634 0.750000 0.000000 -0.000000 2.428571 1757225493.006974
0.041904 -1.090634 0.750000 0.000000 -0.000000 2.433845 1757225494.021971
0.041904 -1.090634 0.750000 0.000000 -0.000000 2.434027 1757225494.989045
0.041904 -1.090634 0.750000 0.000000 -0.000000 2.434028 1757225496.000934
0.041904 -1.090634 0.750000 0.000000 -0.000000 2.434028 1757225497.007992
0.040567 -1.089429 0.750000 0.000000 -0.000000 2.404694 1757225498.010471
-0.282456 -0.735896 0.750000 0.000000 -0.000000 2.245606 1757225499.004514
-0.393032 -0.591417 0.750000 0.000000 -0.000000 2.201627 1757225499.994516
-0.393032 -0.591417 0.750000 0.000000 -0.000000 2.197850 1757225501.024515
-0.393032 -0.591417 0.750000 0.000000 -0.000000 2.197734 1757225502.014519
-0.393032 -0.591417 0.750000 0.000000 -0.000000 2.197734 1757225502.995636
-0.393032 -0.591417 0.750000 0.000000 -0.000000 2.197734 1757225504.035636
-0.501185 -0.442125 0.750000 0.000000 -0.000000 2.197734 1757225505.032970
-0.746177 -0.103941 0.750000 0.000000 -0.000000 2.197734 1757225506.000924
-0.781993 -0.054501 0.750000 0.000000 -0.000000 2.197734 1757225507.029026
-0.781993 -0.054501 0.750000 0.000000 -0.000000 2.197734 1757225508.020649
-0.781993 -0.054501 0.750000 0.000000 -0.000000 2.197734 1757225509.026992
-0.781993 -0.054501 0.750000 0.000000 -0.000000 2.197734 1757225510.011992
-0.782083 -0.054381 0.750000 0.000000 -0.000000 2.219387 1757225511.014098
-1.065738 0.256894 0.750000 0.000000 -0.000000 2.359852 1757225512.000054
-1.171784 0.359121 0.750000 0.000000 -0.000000 2.392019 1757225512.995056
-1.171784 0.359121 0.750000 0.000000 -0.000000 2.394231 1757225514.006014
-1.171784 0.359121 0.750000 0.000000 -0.000000 2.394301 1757225515.017970
-1.171784 0.359121 0.750000 0.000000 -0.000000 2.394301 1757225516.037971
-1.171784 0.359121 0.750000 0.000000 -0.000000 2.394301 1757225517.007974
-1.235635 0.400966 0.750000 0.000000 -0.000000 2.581648 1757225518.013206
-1.640637 0.604221 0.750000 0.000000 -0.000000 2.774715 1757225519.018005
-1.749726 0.643490 0.750000 0.000000 -0.000000 2.824258 1757225520.010322
-1.749726 0.643490 0.750000 0.000000 -0.000000 2.827688 1757225521.005322
-1.749726 0.643490 0.750000 0.000000 -0.000000 2.827809 1757225522.005319
-1.749726 0.643490 0.750000 0.000000 -0.000000 2.827809 1757225523.025320
-1.749726 0.643490 0.750000 0.000000 -0.000000 2.827809 1757225524.029365
-1.898903 0.646500 0.750000 0.000000 0.000000 -3.124027 1757225525.034364
-2.249296 0.590352 0.750000 0.000000 0.000000 -2.913134 1757225526.024364
-2.397503 0.553601 0.750000 0.000000 0.000000 -2.881810 1757225527.034364
-2.397503 0.553601 0.750000 0.000000 0.000000 -2.879689 1757225528.019368
-2.397503 0.553601 0.750000 0.000000 0.000000 -2.879614 1757225528.996158
-2.397503 0.553601 0.750000 0.000000 0.000000 -2.879614 1757225530.022000
-2.397503 0.553601 0.750000 0.000000 0.000000 -3.049909 1757225531.027001
-2.051926 0.530193 0.750000 0.000000 -0.000000 3.013003 1757225532.021999
-1.903323 0.507742 0.750000 0.000000 -0.000000 2.966599 1757225533.022000
-1.903323 0.507742 0.750000 0.000000 -0.000000 2.963258 1757225534.017003
-1.903323 0.507742 0.750000 0.000000 -0.000000 2.963140 1757225535.022007
-1.903323 0.507742 0.750000 0.000000 -0.000000 2.963140 1757225536.014975
-1.903323 0.507742 0.750000 0.000000 -0.000000 2.963140 1757225537.034978
-2.059895 0.489623 0.750000 0.000000 0.000000 -2.999655 1757225538.009975
-2.346919 0.438454 0.750000 0.000000 0.000000 -2.935220 1757225538.994983
-2.352204 0.437344 0.750000 0.000000 0.000000 -2.927631 1757225540.011281
-2.352204 0.437344 0.750000 0.000000 0.000000 -2.927369 1757225540.996284
-2.352204 0.437344 0.750000 0.000000 0.000000 -2.927365 1757225542.000006
-2.352204 0.437344 0.750000 0.000000 0.000000 -2.927365 1757225543.014068
-2.344105 0.437291 0.750000 0.000000 -0.000000 3.127926 1757225544.004070
-2.025452 0.417167 0.750000 0.000000 -0.000000 3.048315 1757225545.009091
-1.983647 0.413122 0.750000 0.000000 -0.000000 3.037053 1757225545.998995
-1.983647 0.413122 0.750000 0.000000 -0.000000 3.036546 1757225547.038995
-1.983647 0.413122 0.750000 0.000000 -0.000000 3.036537 1757225548.033995
-1.983647 0.413122 0.750000 0.000000 -0.000000 3.036537 1757225549.018997
-1.983647 0.413122 0.750000 0.000000 -0.000000 3.056682 1757225550.013993
-2.211753 0.381078 0.750000 0.000000 0.000000 -2.970410 1757225551.013997
-2.319707 0.361041 0.750000 0.000000 0.000000 -2.941934 1757225551.985975
-2.319707 0.361041 0.750000 0.000000 0.000000 -2.940020 1757225553.005983
-2.319707 0.361041 0.750000 0.000000 0.000000 -2.939963 1757225554.000903
-2.319707 0.361041 0.750000 0.000000 0.000000 -2.939963 1757225555.036072
-2.319707 0.361041 0.750000 0.000000 0.000000 -2.939963 1757225556.018998
-2.300518 0.361680 0.750000 0.000000 0.000000 -3.119699 1757225557.023996
-2.039968 0.355072 0.750000 0.000000 -0.000000 3.080350 1757225558.016066
-2.034128 0.354709 0.750000 0.000000 -0.000000 3.070222 1757225559.013979
-2.034128 0.354709 0.750000 0.000000 -0.000000 3.069860 1757225560.024011
-2.034128 0.354709 0.750000 0.000000 -0.000000 3.069853 1757225561.014080
-2.034128 0.354709 0.750000 0.000000 -0.000000 3.069853 1757225562.019086
-2.034128 0.354709 0.750000 0.000000 -0.000000 3.069853 1757225563.002968
-2.202474 0.333966 0.750000 0.000000 0.000000 -2.990670 1757225564.013975
-2.295107 0.318609 0.750000 0.000000 0.000000 -2.957543 1757225564.983982
-2.295107 0.318609 0.750000 0.000000 0.000000 -2.955570 1757225566.031017
-2.295107 0.318609 0.750000 0.000000 0.000000 -2.955514 1757225567.031512
-2.295107 0.318609 0.750000 0.000000 0.000000 -2.955514 1757225568.026014
-2.295107 0.318609 0.750000 0.000000 0.000000 -2.955514 1757225568.981018
-2.295107 0.318609 0.750000 0.000000 0.000000 -3.072440 1757225570.046016
-2.072874 0.317572 0.750000 0.000000 -0.000000 3.099538 1757225570.992056
-2.053843 0.316716 0.750000 0.000000 -0.000000 3.084369 1757225572.041025
-2.053843 0.316716 0.750000 0.000000 -0.000000 3.083879 1757225572.996022
-2.053843 0.316716 0.750000 0.000000 -0.000000 3.083862 1757225574.006022
-2.053843 0.316716 0.750000 0.000000 -0.000000 3.083862 1757225575.006020
-2.053843 0.316716 0.750000 0.000000 -0.000000 3.083862 1757225576.011022
-2.183576 0.302793 0.750000 0.000000 0.000000 -3.007649 1757225577.006021
-2.279074 0.288272 0.750000 0.000000 0.000000 -2.966204 1757225578.021083
-2.279074 0.288272 0.750000 0.000000 0.000000 -2.963932 1757225579.019996
-2.279074 0.288272 0.750000 0.000000 0.000000 -2.963849 1757225580.034989
-2.279074 0.288272 0.750000 0.000000 0.000000 -2.963849 1757225581.009986
-2.279074 0.288272 0.750000 0.000000 0.000000 -2.963849 1757225582.006248
-2.269193 0.288872 0.750000 0.000000 0.000000 -3.088380 1757225583.000126
-2.078143 0.290231 0.750000 0.000000 -0.000000 3.107769 1757225584.034008
-2.078143 0.290231 0.750000 0.000000 -0.000000 3.101178 1757225585.036065
-2.078143 0.290231 0.750000 0.000000 -0.000000 3.100927 1757225586.026068
-2.078143 0.290231 0.750000 0.000000 -0.000000 3.100922 1757225587.000927
-2.078143 0.290231 0.750000 0.000000 -0.000000 3.100922 1757225588.004762
-2.078143 0.290231 0.750000 0.000000 -0.000000 3.100922 1757225589.039763
-2.228114 0.273822 0.750000 0.000000 0.000000 -2.999932 1757225589.999762
-2.262828 0.268634 0.750000 0.000000 0.000000 -2.973839 1757225591.034763
-2.262828 0.268634 0.750000 0.000000 0.000000 -2.972887 1757225592.024762
-2.262828 0.268634 0.750000 0.000000 0.000000 -2.972858 1757225593.034763
-2.262828 0.268634 0.750000 0.000000 0.000000 -2.972858 1757225594.019762
-2.262828 0.268634 0.750000 0.000000 0.000000 -2.972858 1757225595.019766
-2.139148 0.272136 0.750000 0.000000 0.000000 -3.141227 1757225596.034762
-2.082453 0.271525 0.750000 0.000000 -0.000000 3.108195 1757225597.034763
-2.082453 0.271525 0.750000 0.000000 -0.000000 3.106671 1757225597.994763
-2.082453 0.271525 0.750000 0.000000 -0.000000 3.106611 1757225599.001563
-2.082453 0.271525 0.750000 0.000000 -0.000000 3.106611 1757225600.012913
-2.082453 0.271525 0.750000 0.000000 -0.000000 3.106611 1757225601.012904
-2.093230 0.270846 0.750000 0.000000 0.000000 -3.070261 1757225602.012034
-2.253531 0.252360 0.750000 0.000000 0.000000 -2.983329 1757225603.012034
-2.253531 0.252360 0.750000 0.000000 0.000000 -2.976860 1757225604.003018
-2.253531 0.252360 0.750000 0.000000 0.000000 -2.976628 1757225605.036993
-2.253531 0.252360 0.750000 0.000000 0.000000 -2.976625 1757225606.032934
-2.253531 0.252360 0.750000 0.000000 0.000000 -2.976625 1757225607.031029
-2.253531 0.252360 0.750000 0.000000 0.000000 -2.976625 1757225607.996030
-2.133183 0.256701 0.750000 0.000000 0.000000 -3.137289 1757225609.012202
-2.091032 0.256481 0.750000 0.000000 -0.000000 3.111716 1757225610.000260
-2.091032 0.256481 0.750000 0.000000 -0.000000 3.110193 1757225611.020262
-2.091032 0.256481 0.750000 0.000000 -0.000000 3.110150 1757225611.995264
-2.091032 0.256481 0.750000 0.000000 -0.000000 3.110150 1757225612.995699
-2.091032 0.256481 0.750000 0.000000 -0.000000 3.110150 1757225614.011887
-2.160585 0.251344 0.750000 0.000000 0.000000 -3.046038 1757225614.992903
-2.237751 0.242297 0.750000 0.000000 0.000000 -2.988483 1757225616.001894
-2.237751 0.242297 0.750000 0.000000 0.000000 -2.985789 1757225617.008903
-2.237751 0.242297 0.750000 0.000000 0.000000 -2.985701 1757225618.026888
-2.237751 0.242297 0.750000 0.000000 0.000000 -2.985701 1757225619.029456
-2.237751 0.242297 0.750000 0.000000 0.000000 -2.985701 1757225620.019463
-2.177830 0.245281 0.750000 0.000000 0.000000 -3.109761 1757225621.014454
-2.087239 0.246084 0.750000 0.000000 -0.000000 3.116202 1757225622.004456
-2.087239 0.246084 0.750000 0.000000 -0.000000 3.113060 1757225622.999459
-2.087239 0.246084 0.750000 0.000000 -0.000000 3.112954 1757225624.004455
-2.087239 0.246084 0.750000 0.000000 -0.000000 3.112954 1757225624.994455
-2.087239 0.246084 0.750000 0.000000 -0.000000 3.112954 1757225626.034479
-2.087239 0.246084 0.750000 0.000000 -0.000000 3.140455 1757225626.999459
-2.230696 0.232477 0.750000 0.000000 0.000000 -2.998774 1757225628.004457
-2.230696 0.232477 0.750000 0.000000 0.000000 -2.987302 1757225629.014456
-2.230696 0.232477 0.750000 0.000000 0.000000 -2.986912 1757225630.026980
-2.230696 0.232477 0.750000 0.000000 0.000000 -2.986905 1757225631.031986
-2.230696 0.232477 0.750000 0.000000 0.000000 -2.986905 1757225632.021982
-2.230696 0.232477 0.750000 0.000000 0.000000 -2.986905 1757225633.021980
-2.210351 0.233952 0.750000 0.000000 0.000000 -3.079493 1757225634.021984
-2.094617 0.237284 0.750000 0.000000 -0.000000 3.126190 1757225635.011984
-2.094617 0.237284 0.750000 0.000000 -0.000000 3.121401 1757225636.001981
-2.094617 0.237284 0.750000 0.000000 -0.000000 3.121233 1757225636.991982
-2.094617 0.237284 0.750000 0.000000 -0.000000 3.121233 1757225638.031642
-2.094617 0.237284 0.750000 0.000000 -0.000000 3.121233 1757225639.021496
-2.094617 0.237284 0.750000 0.000000 -0.000000 3.121233 1757225640.006979
-2.183838 0.229790 0.750000 0.000000 0.000000 -3.029759 1757225641.001974
-2.230568 0.223910 0.750000 0.000000 0.000000 -2.986975 1757225642.011981
-2.230568 0.223910 0.750000 0.000000 0.000000 -2.985202 1757225643.051981
-2.230568 0.223910 0.750000 0.000000 0.000000 -2.985152 1757225644.007990
-2.230568 0.223910 0.750000 0.000000 0.000000 -2.985152 1757225645.028541
-2.230568 0.223910 0.750000 0.000000 0.000000 -2.985152 1757225646.020979
-2.230568 0.223910 0.750000 0.000000 0.000000 -2.985152 1757225647.015967
-2.109088 0.229614 0.750000 0.000000 0.000000 -3.132889 1757225648.026317
-2.105189 0.229640 0.750000 0.000000 -0.000000 3.126959 1757225649.026313
-2.105189 0.229640 0.750000 0.000000 -0.000000 3.126115 1757225650.021316
-2.105189 0.229640 0.750000 0.000000 -0.000000 3.126088 1757225651.011319
-2.105189 0.229640 0.750000 0.000000 -0.000000 3.126088 1757225652.011529
-2.105189 0.229640 0.750000 0.000000 -0.000000 3.126088 1757225653.004228
-2.116725 0.229073 0.750000 0.000000 0.000000 -3.083313 1757225654.041689
-2.230434 0.217720 0.750000 0.000000 0.000000 -2.990740 1757225655.039006
-2.230434 0.217720 0.750000 0.000000 0.000000 -2.984737 1757225655.997272
-2.230434 0.217720 0.750000 0.000000 0.000000 -2.984442 1757225657.031003
-2.230434 0.217720 0.750000 0.000000 0.000000 -2.984437 1757225658.026000
-2.230434 0.217720 0.750000 0.000000 0.000000 -2.984437 1757225659.026002
-2.215798 0.219081 0.750000 0.000000 0.000000 -3.058697 1757225660.028826
-2.110631 0.223921 0.750000 0.000000 -0.000000 3.137358 1757225661.023720
-2.110631 0.223921 0.750000 0.000000 -0.000000 3.131741 1757225662.018714
-2.110631 0.223921 0.750000 0.000000 -0.000000 3.131534 1757225663.005986
-2.110631 0.223921 0.750000 0.000000 -0.000000 3.131534 1757225664.010520
-2.110631 0.223921 0.750000 0.000000 -0.000000 3.131534 1757225665.015519
-2.110631 0.223921 0.750000 0.000000 -0.000000 3.131534 1757225666.010521
-2.167778 0.219819 0.750000 0.000000 0.000000 -3.048172 1757225667.018049
-2.233032 0.212225 0.750000 0.000000 0.000000 -2.985308 1757225668.008039
-2.233032 0.212225 0.750000 0.000000 0.000000 -2.982254 1757225669.010975
-2.233032 0.212225 0.750000 0.000000 0.000000 -2.982143 1757225670.005972
-2.233032 0.212225 0.750000 0.000000 0.000000 -2.982143 1757225670.995971
-2.233032 0.212225 0.750000 0.000000 0.000000 -2.982143 1757225672.025973
-2.233032 0.212225 0.750000 0.000000 0.000000 -2.982143 1757225673.030968
-2.114140 0.218646 0.750000 0.000000 0.000000 -3.125620 1757225673.993037
-2.112040 0.218676 0.750000 0.000000 -0.000000 3.134860 1757225674.993979
-2.112040 0.218676 0.750000 0.000000 -0.000000 3.134018 1757225676.003985
-2.112040 0.218676 0.750000 0.000000 -0.000000 3.133996 1757225677.001974
-2.112040 0.218676 0.750000 0.000000 -0.000000 3.133996 1757225678.035004
-2.112040 0.218676 0.750000 0.000000 -0.000000 3.133996 1757225679.000043
-2.112040 0.218676 0.750000 0.000000 -0.000000 3.133996 1757225679.995001
-2.226096 0.207793 0.750000 0.000000 0.000000 -3.004542 1757225681.036409
-2.226096 0.207793 0.750000 0.000000 0.000000 -2.990606 1757225682.010003
-2.226096 0.207793 0.750000 0.000000 0.000000 -2.990062 1757225683.012366
-2.226096 0.207793 0.750000 0.000000 0.000000 -2.990047 1757225683.997969
-2.226096 0.207793 0.750000 0.000000 0.000000 -2.990047 1757225684.997970
-2.226096 0.207793 0.750000 0.000000 0.000000 -2.990047 1757225686.002968
-2.214529 0.209560 0.750000 0.000000 0.000000 -2.990047 1757225687.007968
-1.718088 0.285375 0.750000 0.000000 0.000000 -2.990047 1757225688.002969
-1.575739 0.307114 0.750000 0.000000 0.000000 -2.990047 1757225688.997970
-1.575739 0.307114 0.750000 0.000000 0.000000 -2.990047 1757225690.010340
-1.575739 0.307114 0.750000 0.000000 0.000000 -2.990047 1757225691.030344
-1.575739 0.307114 0.750000 0.000000 0.000000 -2.990047 1757225692.018746
-1.575739 0.307114 0.750000 0.000000 0.000000 -2.990047 1757225693.028062
-1.404622 0.333247 0.750000 0.000000 0.000000 -2.990047 1757225694.028061
-1.394687 0.334764 0.750000 0.000000 0.000000 -2.990047 1757225694.996078
-1.394687 0.334764 0.750000 0.000000 0.000000 -2.990047 1757225696.021080
-1.394687 0.334764 0.750000 0.000000 0.000000 -2.990047 1757225697.024021
-1.373780 0.337957 0.750000 0.000000 0.000000 -2.990047 1757225697.994022
-1.373780 0.337957 0.750000 0.000000 0.000000 -2.990047 1757225699.006006
-1.406605 0.334580 0.750000 0.000000 0.000000 -3.052073 1757225699.996006
-1.892339 0.324892 0.750000 0.000000 -0.000000 3.101429 1757225700.996006
-1.988217 0.329702 0.750000 0.000000 -0.000000 3.075719 1757225702.012914
-1.988217 0.329702 0.750000 0.000000 -0.000000 3.074417 1757225703.026987
-1.988217 0.329702 0.750000 0.000000 -0.000000 3.074380 1757225704.021991
-1.988217 0.329702 0.750000 0.000000 -0.000000 3.074380 1757225705.041992
-1.988217 0.329702 0.750000 0.000000 -0.000000 3.074380 1757225706.031992
-1.988217 0.329702 0.750000 0.000000 -0.000000 3.074380 1757225707.006988
-1.988217 0.329702 0.750000 0.000000 -0.000000 3.074380 1757225708.032992
-1.988217 0.329702 0.750000 0.000000 -0.000000 3.074380 1757225709.022992
-1.988217 0.329702 0.750000 0.000000 -0.000000 3.074380 1757225710.017997
-1.988217 0.329702 0.750000 0.000000 -0.000000 3.074380 1757225711.023074
