0.000000 0.000000 0.750000 0.000000 -0.000000 0.000000 1757225837.604439
0.000000 0.000000 0.750000 0.000000 -0.000000 0.000000 1757225838.604956
0.000000 0.000000 0.750000 0.000000 -0.000000 0.000000 1757225839.599970
0.000000 0.000000 0.750000 0.000000 -0.000000 0.000000 1757225840.594068
0.000000 0.000000 0.750000 0.000000 -0.000000 0.000000 1757225841.594068
0.000000 0.000000 0.750000 0.000000 -0.000000 0.000000 1757225842.619072
0.000000 0.000000 0.750000 0.000000 -0.000000 0.000000 1757225843.619066
0.000000 0.000000 0.750000 0.000000 -0.000000 0.000000 1757225844.584780
0.000000 0.000000 0.750000 0.000000 -0.000000 0.000000 1757225845.617209
-0.101442 -0.027928 0.750000 0.000000 -0.000000 0.284094 1757225846.598020
-0.375637 -0.115688 0.750000 0.000000 -0.000000 0.332474 1757225847.621870
-0.376488 -0.115982 0.750000 0.000000 -0.000000 0.337545 1757225848.601969
-0.376488 -0.115982 0.750000 0.000000 -0.000000 0.337729 1757225849.590040
-0.376488 -0.115982 0.750000 0.000000 -0.000000 0.337737 1757225850.586013
-0.376488 -0.115982 0.750000 0.000000 -0.000000 0.337737 1757225851.620972
-0.376488 -0.115982 0.750000 0.000000 -0.000000 0.535983 1757225852.600018
-0.667545 -0.361202 0.750000 0.000000 -0.000000 0.809309 1757225853.596907
-0.820628 -0.536503 0.750000 0.000000 -0.000000 0.894337 1757225854.600025
-0.820628 -0.536503 0.750000 0.000000 -0.000000 0.902375 1757225855.612289
-0.820628 -0.536503 0.750000 0.000000 -0.000000 0.902659 1757225856.622290
-0.820628 -0.536503 0.750000 0.000000 -0.000000 0.902667 1757225857.612286
-0.820628 -0.536503 0.750000 0.000000 -0.000000 0.822393 1757225858.587290
-0.587501 -0.380464 0.750000 0.000000 -0.000000 0.547612 1757225859.587286
-0.429400 -0.288630 0.750000 0.000000 -0.000000 0.503130 1757225860.604901
-0.429400 -0.288630 0.750000 0.000000 -0.000000 0.499735 1757225861.619064
-0.429400 -0.288630 0.750000 0.000000 -0.000000 0.499616 1757225862.609061
-0.429400 -0.288630 0.750000 0.000000 -0.000000 0.499613 1757225863.599061
-0.429400 -0.288630 0.750000 0.000000 -0.000000 0.499613 1757225864.594060
-0.430124 -0.289284 0.750000 0.000000 -0.000000 0.737443 1757225865.614062
-0.676407 -0.551885 0.750000 0.000000 -0.000000 0.856511 1757225866.609985
-0.728942 -0.613339 0.750000 0.000000 -0.000000 0.874571 1757225867.594985
-0.728942 -0.613339 0.750000 0.000000 -0.000000 0.875521 1757225868.613384
-0.728942 -0.613339 0.750000 0.000000 -0.000000 0.875556 1757225869.618447
-0.728942 -0.613339 0.750000 0.000000 -0.000000 0.875556 1757225870.607995
-0.728942 -0.613339 0.750000 0.000000 -0.000000 0.875556 1757225871.583003
-0.682124 -0.577772 0.750000 0.000000 -0.000000 0.635298 1757225872.617997
-0.449441 -0.417464 0.750000 0.000000 -0.000000 0.575930 1757225873.619043
-0.448686 -0.416974 0.750000 0.000000 -0.000000 0.569548 1757225874.617998
-0.448686 -0.416974 0.750000 0.000000 -0.000000 0.569322 1757225875.617999
-0.448686 -0.416974 0.750000 0.000000 -0.000000 0.569315 1757225876.623004
-0.448686 -0.416974 0.750000 0.000000 -0.000000 0.569315 1757225877.607995
-0.449846 -0.418039 0.750000 0.000000 -0.000000 0.746885 1757225878.622999
-0.647672 -0.627851 0.750000 0.000000 -0.000000 0.850802 1757225879.623000
-0.669789 -0.653245 0.750000 0.000000 -0.000000 0.864128 1757225880.622999
-0.669789 -0.653245 0.750000 0.000000 -0.000000 0.864653 1757225881.603002
-0.669789 -0.653245 0.750000 0.000000 -0.000000 0.864672 1757225882.587995
-0.669789 -0.653245 0.750000 0.000000 -0.000000 0.864672 1757225883.592996
-0.669789 -0.653245 0.750000 0.000000 -0.000000 0.864672 1757225884.592995
-0.587952 -0.587476 0.750000 0.000000 -0.000000 0.657469 1757225885.597996
-0.454726 -0.489649 0.750000 0.000000 -0.000000 0.607058 1757225886.587995
-0.454726 -0.489649 0.750000 0.000000 -0.000000 0.603036 1757225887.607995
-0.454726 -0.489649 0.750000 0.000000 -0.000000 0.602901 1757225888.602998
-0.454726 -0.489649 0.750000 0.000000 -0.000000 0.602898 1757225889.603967
-0.454726 -0.489649 0.750000 0.000000 -0.000000 0.602898 1757225890.619977
-0.454726 -0.489649 0.750000 0.000000 -0.000000 0.602898 1757225891.614980
-0.579502 -0.617039 0.750000 0.000000 -0.000000 0.824609 1757225892.609977
-0.632936 -0.676104 0.750000 0.000000 -0.000000 0.852730 1757225893.619977
-0.632936 -0.676104 0.750000 0.000000 -0.000000 0.854142 1757225894.640175
-0.632936 -0.676104 0.750000 0.000000 -0.000000 0.854188 1757225895.599977
-0.632936 -0.676104 0.750000 0.000000 -0.000000 0.854188 1757225896.609978
-0.632936 -0.676104 0.750000 0.000000 -0.000000 0.854188 1757225897.609977
-0.627963 -0.668423 0.750000 0.000000 -0.000000 1.003987 1757225898.609978
-0.410654 -0.220695 0.750000 0.000000 -0.000000 1.230074 1757225899.620531
-0.362663 -0.070865 0.750000 0.000000 -0.000000 1.295643 1757225900.618970
-0.362663 -0.070865 0.750000 0.000000 -0.000000 1.300580 1757225901.614820
-0.362663 -0.070865 0.750000 0.000000 -0.000000 1.300760 1757225902.619820
-0.362663 -0.070865 0.750000 0.000000 -0.000000 1.300765 1757225903.570988
-0.362663 -0.070865 0.750000 0.000000 -0.000000 1.430578 1757225904.621008
-0.379990 0.208026 0.750000 0.000000 -0.000000 1.755066 1757225905.596028
-0.466005 0.524459 0.750000 0.000000 -0.000000 1.879046 1757225906.586031
-0.484279 0.580662 0.750000 0.000000 -0.000000 1.897043 1757225907.611027
-0.484279 0.580662 0.750000 0.000000 -0.000000 1.897824 1757225908.611469
-0.484279 0.580662 0.750000 0.000000 -0.000000 1.897850 1757225909.580936
-0.484279 0.580662 0.750000 0.000000 -0.000000 1.897850 1757225910.632051
-0.544282 0.692629 0.750000 0.000000 -0.000000 2.088112 1757225911.622710
-0.594673 0.777753 0.750000 0.000000 -0.000000 2.129583 1757225912.611972
-0.594673 0.777753 0.750000 0.000000 -0.000000 2.132152 1757225913.616968
-0.594673 0.777753 0.750000 0.000000 -0.000000 2.132236 1757225914.621976
-0.594673 0.777753 0.750000 0.000000 -0.000000 2.132236 1757225915.612048
-0.594673 0.777753 0.750000 0.000000 -0.000000 2.132236 1757225916.582055
-0.629520 0.826124 0.750000 0.000000 -0.000000 2.222317 1757225917.622051
-0.644130 0.844880 0.750000 0.000000 -0.000000 2.271180 1757225918.622052
-0.644130 0.844880 0.750000 0.000000 -0.000000 2.273109 1757225919.602053
-0.644130 0.844880 0.750000 0.000000 -0.000000 2.273179 1757225920.592048
-0.644130 0.844880 0.750000 0.000000 -0.000000 2.273179 1757225921.592048
-0.644130 0.844880 0.750000 0.000000 -0.000000 2.273179 1757225922.612048
-0.644130 0.844880 0.750000 0.000000 -0.000000 2.273179 1757225923.607049
-0.603280 0.790601 0.750000 0.000000 -0.000000 2.153023 1757225924.602051
-0.603280 0.790601 0.750000 0.000000 -0.000000 2.142973 1757225925.602051
-0.603280 0.790601 0.750000 0.000000 -0.000000 2.142613 1757225926.607050
-0.603280 0.790601 0.750000 0.000000 -0.000000 2.142606 1757225927.596276
-0.603280 0.790601 0.750000 0.000000 -0.000000 2.142606 1757225928.630033
-0.603280 0.790601 0.750000 0.000000 -0.000000 2.142606 1757225929.600031
-0.642058 0.842879 0.750000 0.000000 -0.000000 2.236680 1757225930.620081
-0.648207 0.850637 0.750000 0.000000 -0.000000 2.272442 1757225931.625035
-0.648207 0.850637 0.750000 0.000000 -0.000000 2.273731 1757225932.590032
-0.648207 0.850637 0.750000 0.000000 -0.000000 2.273777 1757225933.610032
-0.648207 0.850637 0.750000 0.000000 -0.000000 2.273777 1757225934.605990
-0.648207 0.850637 0.750000 0.000000 -0.000000 2.273777 1757225935.622033
-0.646962 0.849137 0.750000 0.000000 -0.000000 2.259320 1757225936.588593
-0.607993 0.797288 0.750000 0.000000 -0.000000 2.148786 1757225937.623148
-0.607993 0.797288 0.750000 0.000000 -0.000000 2.144174 1757225938.615600
-0.607993 0.797288 0.750000 0.000000 -0.000000 2.143994 1757225939.615598
-0.607993 0.797288 0.750000 0.000000 -0.000000 2.143994 1757225940.610598
-0.607993 0.797288 0.750000 0.000000 -0.000000 2.143994 1757225941.595602
-0.607993 0.797288 0.750000 0.000000 -0.000000 2.143994 1757225942.590600
-0.652618 0.857450 0.750000 0.000000 -0.000000 2.266877 1757225943.592002
-0.652618 0.857450 0.750000 0.000000 -0.000000 2.279320 1757225944.592003
-0.652618 0.857450 0.750000 0.000000 -0.000000 2.279768 1757225945.587002
-0.652618 0.857450 0.750000 0.000000 -0.000000 2.279777 1757225946.592005
-0.652618 0.857450 0.750000 0.000000 -0.000000 2.279777 1757225947.627231
-0.652618 0.857450 0.750000 0.000000 -0.000000 2.279777 1757225948.587212
-0.607961 0.797683 0.750000 0.000000 -0.000000 2.177301 1757225949.577262
-0.607406 0.796881 0.750000 0.000000 -0.000000 2.147008 1757225950.576140
-0.607406 0.796881 0.750000 0.000000 -0.000000 2.145817 1757225951.606137
-0.607406 0.796881 0.750000 0.000000 -0.000000 2.145785 1757225952.607058
-0.607406 0.796881 0.750000 0.000000 -0.000000 2.145785 1757225953.612056
-0.607406 0.796881 0.750000 0.000000 -0.000000 2.145785 1757225954.616905
-0.619682 0.814195 0.750000 0.000000 -0.000000 2.199322 1757225955.605980
-0.652368 0.856889 0.750000 0.000000 -0.000000 2.275365 1757225956.595987
-0.652368 0.856889 0.750000 0.000000 -0.000000 2.278988 1757225957.623758
-0.652368 0.856889 0.750000 0.000000 -0.000000 2.279099 1757225958.617988
-0.652368 0.856889 0.750000 0.000000 -0.000000 2.279099 1757225959.588932
-0.652368 0.856889 0.750000 0.000000 -0.000000 2.279099 1757225960.604903
-0.652129 0.856601 0.750000 0.000000 -0.000000 2.260788 1757225961.605047
-0.608607 0.798324 0.750000 0.000000 -0.000000 2.151688 1757225962.608097
-0.608607 0.798324 0.750000 0.000000 -0.000000 2.146166 1757225963.598098
-0.608607 0.798324 0.750000 0.000000 -0.000000 2.145957 1757225964.598098
-0.608607 0.798324 0.750000 0.000000 -0.000000 2.145956 1757225965.623097
-0.608607 0.798324 0.750000 0.000000 -0.000000 2.145956 1757225966.608097
-0.608607 0.798324 0.750000 0.000000 -0.000000 2.145956 1757225967.608098
-0.653554 0.858527 0.750000 0.000000 -0.000000 2.251773 1757225968.619077
-0.653554 0.858527 0.750000 0.000000 -0.000000 2.279785 1757225969.608969
-0.653554 0.858527 0.750000 0.000000 -0.000000 2.280919 1757225970.598968
-0.653554 0.858527 0.750000 0.000000 -0.000000 2.280952 1757225971.596344
-0.653554 0.858527 0.750000 0.000000 -0.000000 2.280952 1757225972.595963
-0.653554 0.858527 0.750000 0.000000 -0.000000 2.280952 1757225973.590971
-0.653554 0.858527 0.750000 0.000000 -0.000000 2.280952 1757225974.585962
-0.609173 0.799018 0.750000 0.000000 -0.000000 2.159425 1757225975.596113
-0.609173 0.799018 0.750000 0.000000 -0.000000 2.149603 1757225976.596106
-0.609173 0.799018 0.750000 0.000000 -0.000000 2.149256 1757225977.640902
-0.609173 0.799018 0.750000 0.000000 -0.000000 2.149250 1757225978.609148
-0.609173 0.799018 0.750000 0.000000 -0.000000 2.149250 1757225979.585965
-0.609173 0.799018 0.750000 0.000000 -0.000000 2.149250 1757225980.617481
-0.654277 0.859104 0.750000 0.000000 -0.000000 2.267025 1757225981.592083
-0.654277 0.859104 0.750000 0.000000 -0.000000 2.284134 1757225982.594984
-0.654277 0.859104 0.750000 0.000000 -0.000000 2.284794 1757225983.589985
-0.654277 0.859104 0.750000 0.000000 -0.000000 2.284811 1757225984.599985
-0.654277 0.859104 0.750000 0.000000 -0.000000 2.284811 1757225985.620991
-0.654277 0.859104 0.750000 0.000000 -0.000000 2.284811 1757225986.623124
-0.562140 0.733249 0.750000 0.000000 -0.000000 2.179975 1757225987.618116
-0.327598 0.354142 0.750000 0.000000 -0.000000 2.071714 1757225988.603116
-0.298686 0.300543 0.750000 0.000000 -0.000000 2.053542 1757225989.618123
-0.298686 0.300543 0.750000 0.000000 -0.000000 2.052742 1757225990.597054
-0.298686 0.300543 0.750000 0.000000 -0.000000 2.052714 1757225991.595322
-0.298686 0.300543 0.750000 0.000000 -0.000000 2.052714 1757225992.590320
-0.283508 0.267902 0.750000 0.000000 -0.000000 1.991654 1757225993.595320
-0.119334 -0.178909 0.750000 0.000000 -0.000000 1.863843 1757225994.611333
-0.092054 -0.272826 0.750000 0.000000 -0.000000 1.838629 1757225995.611365
-0.092054 -0.272826 0.750000 0.000000 -0.000000 1.837180 1757225996.601367
-0.092054 -0.272826 0.750000 0.000000 -0.000000 1.837126 1757225997.608226
-0.092054 -0.272826 0.750000 0.000000 -0.000000 1.837126 1757225998.601973
-0.092054 -0.272826 0.750000 0.000000 -0.000000 1.837126 1757225999.606973
-0.084956 -0.344317 0.750000 0.000000 -0.000000 1.650987 1757226000.601972
-0.076213 -0.728649 0.750000 0.000000 -0.000000 1.545946 1757226001.598985
-0.077581 -0.774679 0.750000 0.000000 -0.000000 1.530356 1757226002.616908
-0.077581 -0.774679 0.750000 0.000000 -0.000000 1.529724 1757226003.626418
-0.077581 -0.774679 0.750000 0.000000 -0.000000 1.529707 1757226004.587571
-0.077581 -0.774679 0.750000 0.000000 -0.000000 1.529707 1757226005.624997
-0.077581 -0.774679 0.750000 0.000000 -0.000000 1.471795 1757226006.620993
-0.109310 -0.943412 0.750000 0.000000 -0.000000 1.338863 1757226007.619974
-0.109310 -0.943412 0.750000 0.000000 -0.000000 1.327135 1757226008.634975
-0.109310 -0.943412 0.750000 0.000000 -0.000000 1.326734 1757226009.634988
-0.109310 -0.943412 0.750000 0.000000 -0.000000 1.326722 1757226010.599971
-0.109310 -0.943412 0.750000 0.000000 -0.000000 1.326722 1757226011.599971
-0.109310 -0.943412 0.750000 0.000000 -0.000000 1.326722 1757226012.599977
-0.098268 -0.852519 0.750000 0.000000 -0.000000 1.475595 1757226013.614972
-0.092162 -0.771303 0.750000 0.000000 -0.000000 1.527763 1757226014.610093
-0.092162 -0.771303 0.750000 0.000000 -0.000000 1.530475 1757226015.609976
-0.092162 -0.771303 0.750000 0.000000 -0.000000 1.530572 1757226016.594970
-0.092162 -0.771303 0.750000 0.000000 -0.000000 1.530572 1757226017.629976
-0.092162 -0.771303 0.750000 0.000000 -0.000000 1.530572 1757226018.625157
-0.099393 -0.821026 0.750000 0.000000 -0.000000 1.409902 1757226019.614972
-0.119563 -0.926350 0.750000 0.000000 -0.000000 1.342992 1757226020.604972
-0.119563 -0.926350 0.750000 0.000000 -0.000000 1.338874 1757226021.594974
-0.119563 -0.926350 0.750000 0.000000 -0.000000 1.338724 1757226022.584972
-0.119563 -0.926350 0.750000 0.000000 -0.000000 1.338721 1757226023.629977
-0.119563 -0.926350 0.750000 0.000000 -0.000000 1.338721 1757226024.634972
-0.119563 -0.926350 0.750000 0.000000 -0.000000 1.338721 1757226025.614971
-0.105699 -0.795786 0.750000 0.000000 -0.000000 1.497403 1757226026.609975
-0.104296 -0.775360 0.750000 0.000000 -0.000000 1.522005 1757226027.594970
-0.104296 -0.775360 0.750000 0.000000 -0.000000 1.522976 1757226028.594974
-0.104296 -0.775360 0.750000 0.000000 -0.000000 1.523010 1757226029.595435
-0.104296 -0.775360 0.750000 0.000000 -0.000000 1.523010 1757226030.599970
-0.104296 -0.775360 0.750000 0.000000 -0.000000 1.523010 1757226031.589979
-0.112636 -0.831210 0.750000 0.000000 -0.000000 1.403947 1757226032.599970
-0.131036 -0.925191 0.750000 0.000000 -0.000000 1.337899 1757226033.594972
-0.131036 -0.925191 0.750000 0.000000 -0.000000 1.334288 1757226034.594987
-0.131036 -0.925191 0.750000 0.000000 -0.000000 1.334168 1757226035.594975
-0.131036 -0.925191 0.750000 0.000000 -0.000000 1.334167 1757226036.589998
-0.131036 -0.925191 0.750000 0.000000 -0.000000 1.334167 1757226037.589986
-0.131036 -0.925191 0.750000 0.000000 -0.000000 1.334167 1757226038.590853
-0.139723 -0.776985 0.750000 0.000000 -0.000000 1.665793 1757226039.594182
-0.209358 -0.404248 0.750000 0.000000 -0.000000 1.827144 1757226040.620493
-0.218697 -0.369403 0.750000 0.000000 -0.000000 1.848577 1757226041.595006
-0.218697 -0.369403 0.750000 0.000000 -0.000000 1.849544 1757226042.610010
-0.218697 -0.369403 0.750000 0.000000 -0.000000 1.849575 1757226043.600006
-0.218697 -0.369403 0.750000 0.000000 -0.000000 1.849575 1757226044.595009
-0.264194 -0.245830 0.750000 0.000000 -0.000000 1.944904 1757226045.592244
-0.459035 0.173989 0.750000 0.000000 -0.000000 2.065116 1757226046.587244
-0.491167 0.232581 0.750000 0.000000 -0.000000 2.085585 1757226047.587245
-0.491167 0.232581 0.750000 0.000000 -0.000000 2.086590 1757226048.581011
-0.491167 0.232581 0.750000 0.000000 -0.000000 2.086627 1757226049.586066
-0.491167 0.232581 0.750000 0.000000 -0.000000 2.086627 1757226050.587186
-0.491167 0.232581 0.750000 0.000000 -0.000000 2.120810 1757226051.617978
-0.609025 0.378334 0.750000 0.000000 -0.000000 2.289553 1757226052.629928
-0.617444 0.387909 0.750000 0.000000 -0.000000 2.306579 1757226053.599928
-0.617444 0.387909 0.750000 0.000000 -0.000000 2.307250 1757226054.616972
-0.617444 0.387909 0.750000 0.000000 -0.000000 2.307269 1757226055.621968
-0.617444 0.387909 0.750000 0.000000 -0.000000 2.307269 1757226056.621969
-0.617444 0.387909 0.750000 0.000000 -0.000000 2.307269 1757226057.586967
-0.684011 0.448125 0.750000 0.000000 -0.000000 2.433808 1757226058.606967
-0.706908 0.467392 0.750000 0.000000 -0.000000 2.469513 1757226059.606967
-0.706908 0.467392 0.750000 0.000000 -0.000000 2.470954 1757226060.611966
-0.706908 0.467392 0.750000 0.000000 -0.000000 2.470999 1757226061.621968
-0.706908 0.467392 0.750000 0.000000 -0.000000 2.470999 1757226062.586972
-0.706908 0.467392 0.750000 0.000000 -0.000000 2.470999 1757226063.604912
-0.646758 0.408343 0.750000 0.000000 -0.000000 2.340681 1757226064.592898
-0.609710 0.369059 0.750000 0.000000 -0.000000 2.298570 1757226065.600917
-0.609710 0.369059 0.750000 0.000000 -0.000000 2.296635 1757226066.625376
-0.609710 0.369059 0.750000 0.000000 -0.000000 2.296575 1757226067.630377
-0.609710 0.369059 0.750000 0.000000 -0.000000 2.296575 1757226068.590377
-0.609710 0.369059 0.750000 0.000000 -0.000000 2.296575 1757226069.615379
-0.675116 0.430088 0.750000 0.000000 -0.000000 2.422178 1757226070.597136
-0.697932 0.449682 0.750000 0.000000 -0.000000 2.462956 1757226071.596973
-0.697932 0.449682 0.750000 0.000000 -0.000000 2.464561 1757226072.623353
-0.697932 0.449682 0.750000 0.000000 -0.000000 2.464607 1757226073.600049
-0.697932 0.449682 0.750000 0.000000 -0.000000 2.464607 1757226074.620049
-0.697932 0.449682 0.750000 0.000000 -0.000000 2.464607 1757226075.625021
-0.671302 0.424250 0.750000 0.000000 -0.000000 2.365351 1757226076.585160
-0.607303 0.357930 0.750000 0.000000 -0.000000 2.299388 1757226077.595047
-0.607303 0.357930 0.750000 0.000000 -0.000000 2.295919 1757226078.605044
-0.607303 0.357930 0.750000 0.000000 -0.000000 2.295801 1757226079.612928
-0.607303 0.357930 0.750000 0.000000 -0.000000 2.295801 1757226080.625993
-0.607303 0.357930 0.750000 0.000000 -0.000000 2.295801 1757226081.620044
-0.608136 0.358793 0.750000 0.000000 -0.000000 2.342461 1757226082.630044
-0.690759 0.435099 0.750000 0.000000 -0.000000 2.448713 1757226083.588302
-0.690759 0.435099 0.750000 0.000000 -0.000000 2.458034 1757226084.580055
-0.690759 0.435099 0.750000 0.000000 -0.000000 2.458455 1757226085.611251
-0.690759 0.435099 0.750000 0.000000 -0.000000 2.458462 1757226086.586251
-0.690759 0.435099 0.750000 0.000000 -0.000000 2.458462 1757226087.636266
-0.690759 0.435099 0.750000 0.000000 -0.000000 2.458462 1757226088.586263
-0.611853 0.356431 0.750000 0.000000 -0.000000 2.321382 1757226089.601264
-0.610729 0.355223 0.750000 0.000000 -0.000000 2.299338 1757226090.591262
-0.610729 0.355223 0.750000 0.000000 -0.000000 2.298492 1757226091.626001
-0.610729 0.355223 0.750000 0.000000 -0.000000 2.298472 1757226092.591368
-0.610729 0.355223 0.750000 0.000000 -0.000000 2.298472 1757226093.622003
-0.610729 0.355223 0.750000 0.000000 -0.000000 2.298472 1757226094.621991
-0.610729 0.355223 0.750000 0.000000 -0.000000 2.498285 1757226095.586993
-0.946208 0.530806 0.750000 0.000000 -0.000000 2.755540 1757226096.596988
-1.139819 0.601789 0.750000 0.000000 -0.000000 2.825294 1757226097.601997
-1.139819 0.601789 0.750000 0.000000 -0.000000 2.831107 1757226098.597430
-1.139819 0.601789 0.750000 0.000000 -0.000000 2.831324 1757226099.631993
-1.139819 0.601789 0.750000 0.000000 -0.000000 2.831324 1757226100.608983
-1.139819 0.601789 0.750000 0.000000 -0.000000 2.878015 1757226101.616914
-1.307144 0.629018 0.750000 0.000000 -0.000000 3.018774 1757226102.590298
-1.314961 0.629967 0.750000 0.000000 -0.000000 3.036558 1757226103.610297
-1.314961 0.629967 0.750000 0.000000 -0.000000 3.037126 1757226104.600304
-1.314961 0.629967 0.750000 0.000000 -0.000000 3.037140 1757226105.621989
-1.314961 0.629967 0.750000 0.000000 -0.000000 3.037140 1757226106.576993
-1.314961 0.629967 0.750000 0.000000 -0.000000 3.037140 1757226107.607348
-1.174278 0.595410 0.750000 0.000000 -0.000000 2.866171 1757226108.602337
-1.155249 0.589940 0.750000 0.000000 -0.000000 2.842993 1757226109.622338
-1.155249 0.589940 0.750000 0.000000 -0.000000 2.842152 1757226110.622337
-1.155249 0.589940 0.750000 0.000000 -0.000000 2.842128 1757226111.622979
-1.155249 0.589940 0.750000 0.000000 -0.000000 2.842128 1757226112.627978
-1.155249 0.589940 0.750000 0.000000 -0.000000 2.842128 1757226113.597984
-1.241956 0.605631 0.750000 0.000000 -0.000000 2.984597 1757226114.587978
-1.306171 0.614849 0.750000 0.000000 -0.000000 3.027312 1757226115.597982
-1.306171 0.614849 0.750000 0.000000 -0.000000 3.029272 1757226116.598195
-1.306171 0.614849 0.750000 0.000000 -0.000000 3.029340 1757226117.603073
-1.306171 0.614849 0.750000 0.000000 -0.000000 3.029340 1757226118.613118
-1.306171 0.614849 0.750000 0.000000 -0.000000 3.029340 1757226119.582593
-1.306171 0.614849 0.750000 0.000000 0.000000 -3.139369 1757226120.623973
-1.713630 0.565272 0.750000 0.000000 0.000000 -2.950915 1757226121.623975
-1.858211 0.534162 0.750000 0.000000 0.000000 -2.905405 1757226122.626991
-1.858211 0.534162 0.750000 0.000000 0.000000 -2.902088 1757226123.625025
-1.858211 0.534162 0.750000 0.000000 0.000000 -2.901971 1757226124.620120
-1.858211 0.534162 0.750000 0.000000 0.000000 -2.901971 1757226125.610119
-1.858211 0.534162 0.750000 0.000000 0.000000 -2.901971 1757226126.615119
-1.916691 0.516684 0.750000 0.000000 0.000000 -2.784904 1757226127.620124
-1.916691 0.516684 0.750000 0.000000 0.000000 -2.773061 1757226128.590119
-1.916691 0.516684 0.750000 0.000000 0.000000 -2.772595 1757226129.626382
-1.916691 0.516684 0.750000 0.000000 0.000000 -2.772586 1757226130.626963
-1.916691 0.516684 0.750000 0.000000 0.000000 -2.772586 1757226131.581991
-1.916691 0.516684 0.750000 0.000000 0.000000 -2.772586 1757226132.634294
-1.916691 0.516684 0.750000 0.000000 0.000000 -2.772586 1757226133.584294
-1.916691 0.516684 0.750000 0.000000 0.000000 -2.772586 1757226134.594295
-1.916691 0.516684 0.750000 0.000000 0.000000 -2.772586 1757226135.584294
-1.916691 0.516684 0.750000 0.000000 0.000000 -2.772586 1757226136.614297
-1.916691 0.516684 0.750000 0.000000 0.000000 -2.772586 1757226137.584296
-1.916691 0.516684 0.750000 0.000000 0.000000 -2.772586 1757226138.620921
-1.916691 0.516684 0.750000 0.000000 0.000000 -2.772586 1757226139.585977
-1.916691 0.516684 0.750000 0.000000 0.000000 -2.772586 1757226140.603976
-1.916691 0.516684 0.750000 0.000000 0.000000 -2.772586 1757226141.620984
-1.916691 0.516684 0.750000 0.000000 0.000000 -2.772586 1757226142.610984
-1.916691 0.516684 0.750000 0.000000 0.000000 -2.772586 1757226143.618053
-1.916691 0.516684 0.750000 0.000000 0.000000 -2.772586 1757226144.623051
-1.916691 0.516684 0.750000 0.000000 0.000000 -2.772586 1757226145.622322
-1.916691 0.516684 0.750000 0.000000 0.000000 -2.772586 1757226146.607310
-1.916691 0.516684 0.750000 0.000000 0.000000 -2.772586 1757226147.602310
-1.916691 0.516684 0.750000 0.000000 0.000000 -2.772586 1757226148.612309
-1.916691 0.516684 0.750000 0.000000 0.000000 -2.772586 1757226149.628911
-1.916691 0.516684 0.750000 0.000000 0.000000 -2.772586 1757226150.610918
-1.916691 0.516684 0.750000 0.000000 0.000000 -2.772586 1757226151.613993
-1.916691 0.516684 0.750000 0.000000 0.000000 -2.772586 1757226152.608995
-1.916691 0.516684 0.750000 0.000000 0.000000 -2.772586 1757226153.624999
-1.916691 0.516684 0.750000 0.000000 0.000000 -2.772586 1757226154.579959
-1.916691 0.516684 0.750000 0.000000 0.000000 -2.772586 1757226155.588904
-1.916691 0.516684 0.750000 0.000000 0.000000 -2.772586 1757226156.571979
-1.916691 0.516684 0.750000 0.000000 0.000000 -2.772586 1757226157.610971
-1.916691 0.516684 0.750000 0.000000 0.000000 -2.772586 1757226158.636019
-1.916691 0.516684 0.750000 0.000000 0.000000 -2.772586 1757226159.626019
-1.916691 0.516684 0.750000 0.000000 0.000000 -2.772586 1757226160.605994
-1.916691 0.516684 0.750000 0.000000 0.000000 -2.772586 1757226161.592054
-1.916691 0.516684 0.750000 0.000000 0.000000 -2.772586 1757226162.607053
-1.916691 0.516684 0.750000 0.000000 0.000000 -2.772586 1757226163.602055
-1.917530 0.516359 0.750000 0.000000 0.000000 -2.772586 1757226164.622054
-2.234971 0.393599 0.750000 0.000000 0.000000 -2.772586 1757226165.612061
-2.299535 0.368630 0.750000 0.000000 0.000000 -2.772589 1757226166.611986
-1.925436 0.513301 0.750000 0.000000 0.000000 -2.772589 1757226167.606983
-1.682494 0.607251 0.750000 0.000000 0.000000 -2.772589 1757226168.601981
-1.682284 0.607332 0.750000 0.000000 0.000000 -2.772589 1757226169.586968
-1.682284 0.607332 0.750000 0.000000 0.000000 -2.772589 1757226170.621971
-1.682284 0.607332 0.750000 0.000000 0.000000 -2.772589 1757226171.596974
-1.682284 0.607332 0.750000 0.000000 0.000000 -2.772589 1757226172.583520
-1.410942 0.712265 0.750000 0.000000 0.000000 -2.772589 1757226173.588523
-1.084059 0.838675 0.750000 0.000000 0.000000 -2.772588 1757226174.619988
-1.068320 0.844762 0.750000 0.000000 0.000000 -2.772583 1757226175.614987
-1.068320 0.844762 0.750000 0.000000 0.000000 -2.772583 1757226176.609989
-1.068320 0.844762 0.750000 0.000000 0.000000 -2.772583 1757226177.609993
-1.068320 0.844762 0.750000 0.000000 0.000000 -2.772583 1757226178.599990
-1.068320 0.844762 0.750000 0.000000 0.000000 -2.772583 1757226179.614989
-0.706321 0.984756 0.750000 0.000000 0.000000 -2.772583 1757226180.587339
-0.451768 1.083196 0.750000 0.000000 0.000000 -2.772575 1757226181.625014
-0.451348 1.083358 0.750000 0.000000 0.000000 -2.772573 1757226182.590017
-0.451348 1.083358 0.750000 0.000000 0.000000 -2.772573 1757226183.580754
-0.451348 1.083358 0.750000 0.000000 0.000000 -2.772573 1757226184.606184
-0.451348 1.083358 0.750000 0.000000 0.000000 -2.772573 1757226185.581184
-0.451348 1.083358 0.750000 0.000000 0.000000 -2.769180 1757226186.594092
-0.368744 1.123352 0.750000 0.000000 0.000000 -2.635499 1757226187.594092
-0.368744 1.123352 0.750000 0.000000 0.000000 -2.627349 1757226188.588165
-0.368744 1.123352 0.750000 0.000000 0.000000 -2.627038 1757226189.602577
-0.368744 1.123352 0.750000 0.000000 0.000000 -2.627033 1757226190.612362
-0.368744 1.123352 0.750000 0.000000 0.000000 -2.627033 1757226191.607361
-0.368744 1.123352 0.750000 0.000000 0.000000 -2.627033 1757226192.602366
-0.319539 1.154410 0.750000 0.000000 0.000000 -2.526209 1757226193.583973
-0.319539 1.154410 0.750000 0.000000 0.000000 -2.504523 1757226194.623971
-0.319539 1.154410 0.750000 0.000000 0.000000 -2.503840 1757226195.615469
-0.319539 1.154410 0.750000 0.000000 0.000000 -2.503821 1757226196.625471
-0.319539 1.154410 0.750000 0.000000 0.000000 -2.503821 1757226197.625470
-0.319539 1.154410 0.750000 0.000000 0.000000 -2.503821 1757226198.581015
-0.335465 1.143291 0.750000 0.000000 0.000000 -2.544484 1757226199.595999
-0.367737 1.122347 0.750000 0.000000 0.000000 -2.622030 1757226200.598600
-0.367737 1.122347 0.750000 0.000000 0.000000 -2.625254 1757226201.616902
-0.367737 1.122347 0.750000 0.000000 0.000000 -2.625363 1757226202.614976
-0.367737 1.122347 0.750000 0.000000 0.000000 -2.625363 1757226203.622821
-0.367737 1.122347 0.750000 0.000000 0.000000 -2.625363 1757226204.603034
-0.367737 1.122347 0.750000 0.000000 0.000000 -2.625363 1757226205.608034
-0.317592 1.154163 0.750000 0.000000 0.000000 -2.521408 1757226206.583034
-0.317592 1.154163 0.750000 0.000000 0.000000 -2.502276 1757226207.590409
-0.317592 1.154163 0.750000 0.000000 0.000000 -2.501619 1757226208.600934
-0.317592 1.154163 0.750000 0.000000 0.000000 -2.501602 1757226209.615969
-0.317592 1.154163 0.750000 0.000000 0.000000 -2.501602 1757226210.599671
-0.317592 1.154163 0.750000 0.000000 0.000000 -2.501602 1757226211.619671
-0.320362 1.151983 0.750000 0.000000 0.000000 -2.469911 1757226212.599668
-0.618702 0.874798 0.750000 0.000000 0.000000 -2.349545 1757226213.596386
-0.694789 0.796263 0.750000 0.000000 0.000000 -2.327904 1757226214.587047
-0.694789 0.796263 0.750000 0.000000 0.000000 -2.326511 1757226215.596975
-0.694789 0.796263 0.750000 0.000000 0.000000 -2.326460 1757226216.581982
-0.694789 0.796263 0.750000 0.000000 0.000000 -2.326460 1757226217.593967
-0.694789 0.796263 0.750000 0.000000 0.000000 -2.326460 1757226218.593968
-0.769023 0.681383 0.750000 0.000000 0.000000 -2.121159 1757226219.620935
-0.924133 0.407971 0.750000 0.000000 0.000000 -2.056759 1757226220.614515
-0.931888 0.393237 0.750000 0.000000 0.000000 -2.048465 1757226221.596906
-0.931888 0.393237 0.750000 0.000000 0.000000 -2.048122 1757226222.608012
-0.931888 0.393237 0.750000 0.000000 0.000000 -2.048117 1757226223.620116
-0.931888 0.393237 0.750000 0.000000 0.000000 -2.048117 1757226224.610116
-0.931888 0.393237 0.750000 0.000000 0.000000 -2.048117 1757226225.610115
-1.128066 0.157498 0.750000 0.000000 0.000000 -2.332516 1757226226.606066
-1.373601 -0.063926 0.750000 0.000000 0.000000 -2.473543 1757226227.602607
-1.394280 -0.080094 0.750000 0.000000 0.000000 -2.493676 1757226228.587606
-1.394280 -0.080094 0.750000 0.000000 0.000000 -2.494482 1757226229.624111
-1.394280 -0.080094 0.750000 0.000000 0.000000 -2.494503 1757226230.588984
-1.394280 -0.080094 0.750000 0.000000 0.000000 -2.494503 1757226231.612240
-1.432215 -0.106721 0.750000 0.000000 0.000000 -2.546459 1757226232.622242
-1.462589 -0.126733 0.750000 0.000000 0.000000 -2.598470 1757226233.599205
-1.462589 -0.126733 0.750000 0.000000 0.000000 -2.600882 1757226234.614207
-1.462589 -0.126733 0.750000 0.000000 0.000000 -2.600957 1757226235.614207
-1.462589 -0.126733 0.750000 0.000000 0.000000 -2.600957 1757226236.614060
-1.462589 -0.126733 0.750000 0.000000 0.000000 -2.600957 1757226237.608284
-1.462589 -0.126733 0.750000 0.000000 0.000000 -2.600957 1757226238.591989
-1.462589 -0.126733 0.750000 0.000000 0.000000 -2.600957 1757226239.631989
-1.462589 -0.126733 0.750000 0.000000 0.000000 -2.600957 1757226240.601991
-1.462589 -0.126733 0.750000 0.000000 0.000000 -2.600957 1757226241.586994
-1.462589 -0.126733 0.750000 0.000000 0.000000 -2.600957 1757226242.626995
-1.462589 -0.126733 0.750000 0.000000 0.000000 -2.600957 1757226243.586720
-1.462589 -0.126733 0.750000 0.000000 0.000000 -2.600957 1757226244.626720
-1.462589 -0.126733 0.750000 0.000000 0.000000 -2.600957 1757226245.611716
-1.462589 -0.126733 0.750000 0.000000 0.000000 -2.600957 1757226246.591719
-1.462589 -0.126733 0.750000 0.000000 0.000000 -2.600957 1757226247.622964
-1.462589 -0.126733 0.750000 0.000000 0.000000 -2.600957 1757226248.619960
-1.462589 -0.126733 0.750000 0.000000 0.000000 -2.600957 1757226249.609963
-1.462589 -0.126733 0.750000 0.000000 0.000000 -2.600957 1757226250.599960
-1.462589 -0.126733 0.750000 0.000000 0.000000 -2.600957 1757226251.594961
-1.462589 -0.126733 0.750000 0.000000 0.000000 -2.600957 1757226252.599962
-1.462589 -0.126733 0.750000 0.000000 0.000000 -2.600957 1757226253.619960
-1.462589 -0.126733 0.750000 0.000000 0.000000 -2.600957 1757226254.583040
-1.462589 -0.126733 0.750000 0.000000 0.000000 -2.600957 1757226255.620900
-1.462589 -0.126733 0.750000 0.000000 0.000000 -2.600957 1757226256.589972
-1.462589 -0.126733 0.750000 0.000000 0.000000 -2.600957 1757226257.608909
-1.462589 -0.126733 0.750000 0.000000 0.000000 -2.600957 1757226258.606112
-1.462589 -0.126733 0.750000 0.000000 0.000000 -2.600957 1757226259.596124
-1.462589 -0.126733 0.750000 0.000000 0.000000 -2.600957 1757226260.586112
-1.462589 -0.126733 0.750000 0.000000 0.000000 -2.600957 1757226261.581110
-1.462589 -0.126733 0.750000 0.000000 0.000000 -2.600957 1757226262.621107
-1.462589 -0.126733 0.750000 0.000000 0.000000 -2.600957 1757226263.580934
-1.462589 -0.126733 0.750000 0.000000 0.000000 -2.600957 1757226264.601996
-1.462589 -0.126733 0.750000 0.000000 0.000000 -2.600957 1757226265.623971
-1.462589 -0.126733 0.750000 0.000000 0.000000 -2.600957 1757226266.606166
-1.462589 -0.126733 0.750000 0.000000 0.000000 -2.600957 1757226267.602523
-1.462589 -0.126733 0.750000 0.000000 0.000000 -2.600957 1757226268.627999
-1.462589 -0.126733 0.750000 0.000000 0.000000 -2.600957 1757226269.623985
-1.462589 -0.126733 0.750000 0.000000 0.000000 -2.600957 1757226270.618962
-1.462589 -0.126733 0.750000 0.000000 0.000000 -2.600957 1757226271.618983
-1.462589 -0.126733 0.750000 0.000000 0.000000 -2.600957 1757226272.608984
-1.462589 -0.126733 0.750000 0.000000 0.000000 -2.600957 1757226273.604054
-1.462589 -0.126733 0.750000 0.000000 0.000000 -2.600957 1757226274.630051
-1.462589 -0.126733 0.750000 0.000000 0.000000 -2.600957 1757226275.599052
-1.462589 -0.126733 0.750000 0.000000 0.000000 -2.600957 1757226276.598931
-1.462589 -0.126733 0.750000 0.000000 0.000000 -2.600957 1757226277.603931
-1.462589 -0.126733 0.750000 0.000000 0.000000 -2.600957 1757226278.589002
-1.462589 -0.126733 0.750000 0.000000 0.000000 -2.600957 1757226279.614014
-1.462589 -0.126733 0.750000 0.000000 0.000000 -2.600957 1757226280.604926
-1.462589 -0.126733 0.750000 0.000000 0.000000 -2.600957 1757226281.584027
-1.462589 -0.126733 0.750000 0.000000 0.000000 -2.600957 1757226282.614023
-1.462589 -0.126733 0.750000 0.000000 0.000000 -2.600957 1757226283.580230
-1.462589 -0.126733 0.750000 0.000000 0.000000 -2.600957 1757226284.581998
-1.462589 -0.126733 0.750000 0.000000 0.000000 -2.600957 1757226285.626996
-1.462589 -0.126733 0.750000 0.000000 0.000000 -2.600957 1757226286.622001
-1.462589 -0.126733 0.750000 0.000000 0.000000 -2.600957 1757226287.622002
-1.462589 -0.126733 0.750000 0.000000 0.000000 -2.600957 1757226288.607011
-1.462589 -0.126733 0.750000 0.000000 0.000000 -2.600957 1757226289.602007
-1.462589 -0.126733 0.750000 0.000000 0.000000 -2.600957 1757226290.601996
-1.462589 -0.126733 0.750000 0.000000 0.000000 -2.600957 1757226291.616993
-1.462589 -0.126733 0.750000 0.000000 0.000000 -2.600957 1757226292.622086
-1.462589 -0.126733 0.750000 0.000000 0.000000 -2.600957 1757226293.582085
-1.462589 -0.126733 0.750000 0.000000 0.000000 -2.600957 1757226294.622084
-1.462589 -0.126733 0.750000 0.000000 0.000000 -2.600957 1757226295.633948
-1.462589 -0.126733 0.750000 0.000000 0.000000 -2.600957 1757226296.613069
-1.462589 -0.126733 0.750000 0.000000 0.000000 -2.600957 1757226297.619994
-1.462589 -0.126733 0.750000 0.000000 0.000000 -2.600957 1757226298.600977
-1.462589 -0.126733 0.750000 0.000000 0.000000 -2.600957 1757226299.609978
-1.462589 -0.126733 0.750000 0.000000 0.000000 -2.600957 1757226300.584976
-1.462589 -0.126733 0.750000 0.000000 0.000000 -2.600957 1757226301.607983
-1.462589 -0.126733 0.750000 0.000000 0.000000 -2.600957 1757226302.609935
-1.710737 -0.275695 0.750000 0.000000 0.000000 -2.600957 1757226303.611986
-1.807771 -0.333945 0.750000 0.000000 0.000000 -2.600957 1757226304.590971
-1.807771 -0.333945 0.750000 0.000000 0.000000 -2.600957 1757226305.590971
-1.807771 -0.333945 0.750000 0.000000 0.000000 -2.600957 1757226306.605972
-1.558602 -0.248215 0.750000 0.000000 0.000000 -2.862167 1757226307.595976
-1.200843 -0.178088 0.750000 0.000000 0.000000 -3.022012 1757226308.585972
-1.164403 -0.173940 0.750000 0.000000 0.000000 -3.044899 1757226309.619831
-1.164403 -0.173940 0.750000 0.000000 0.000000 -3.045784 1757226310.619832
-1.164403 -0.173940 0.750000 0.000000 0.000000 -3.045811 1757226311.629832
-1.164403 -0.173940 0.750000 0.000000 0.000000 -3.045811 1757226312.600954
-1.108890 -0.171437 0.750000 0.000000 0.000000 -3.113459 1757226313.604832
-0.632582 -0.190345 0.750000 0.000000 -0.000000 3.041891 1757226314.614834
-0.550642 -0.199266 0.750000 0.000000 -0.000000 3.019162 1757226315.604831
-0.550642 -0.199266 0.750000 0.000000 -0.000000 3.017920 1757226316.614836
-0.550642 -0.199266 0.750000 0.000000 -0.000000 3.017878 1757226317.605999
-0.550642 -0.199266 0.750000 0.000000 -0.000000 3.017878 1757226318.600969
-0.550642 -0.199266 0.750000 0.000000 -0.000000 3.017878 1757226319.581043
-0.489793 -0.211239 0.750000 0.000000 -0.000000 2.920921 1757226320.600913
-0.457548 -0.218929 0.750000 0.000000 -0.000000 2.867875 1757226321.616810
-0.457548 -0.218929 0.750000 0.000000 -0.000000 2.865812 1757226322.606807
-0.457548 -0.218929 0.750000 0.000000 -0.000000 2.865737 1757226323.612086
-0.457548 -0.218929 0.750000 0.000000 -0.000000 2.865737 1757226324.586973
-0.457548 -0.218929 0.750000 0.000000 -0.000000 2.865737 1757226325.581974
-0.457548 -0.218929 0.750000 0.000000 -0.000000 2.865737 1757226326.601038
-0.395306 -0.240145 0.750000 0.000000 -0.000000 2.741495 1757226327.606974
-0.395306 -0.240145 0.750000 0.000000 -0.000000 2.733903 1757226328.611972
-0.395306 -0.240145 0.750000 0.000000 -0.000000 2.733648 1757226329.626971
-0.395306 -0.240145 0.750000 0.000000 -0.000000 2.733645 1757226330.581969
-0.395306 -0.240145 0.750000 0.000000 -0.000000 2.733645 1757226331.581969
-0.395306 -0.240145 0.750000 0.000000 -0.000000 2.733645 1757226332.621969
-0.435176 -0.224941 0.750000 0.000000 -0.000000 2.800669 1757226333.581968
-0.457678 -0.217269 0.750000 0.000000 -0.000000 2.861162 1757226334.604240
-0.457678 -0.217269 0.750000 0.000000 -0.000000 2.863511 1757226335.608913
-0.457678 -0.217269 0.750000 0.000000 -0.000000 2.863595 1757226336.588725
-0.457678 -0.217269 0.750000 0.000000 -0.000000 2.863595 1757226337.622976
-0.457678 -0.217269 0.750000 0.000000 -0.000000 2.863595 1757226338.611065
-0.457678 -0.217269 0.750000 0.000000 -0.000000 2.863595 1757226339.613973
-0.693910 -0.094974 0.750000 0.000000 -0.000000 2.627081 1757226340.589202
-0.871516 0.010881 0.750000 0.000000 -0.000000 2.580957 1757226341.584134
-0.871516 0.010881 0.750000 0.000000 -0.000000 2.576840 1757226342.584136
-0.871516 0.010881 0.750000 0.000000 -0.000000 2.576689 1757226343.604134
-0.871516 0.010881 0.750000 0.000000 -0.000000 2.576689 1757226344.594211
-0.871516 0.010881 0.750000 0.000000 -0.000000 2.576689 1757226345.616991
-1.116862 0.166383 0.750000 0.000000 -0.000000 2.576689 1757226346.611988
-1.257938 0.255797 0.750000 0.000000 -0.000000 2.576691 1757226347.620917
-1.257938 0.255797 0.750000 0.000000 -0.000000 2.576691 1757226348.601967
-1.257938 0.255797 0.750000 0.000000 -0.000000 2.576691 1757226349.618962
-1.257938 0.255797 0.750000 0.000000 -0.000000 2.576691 1757226350.594023
-1.257938 0.255797 0.750000 0.000000 -0.000000 2.576691 1757226351.630604
-1.273123 0.262625 0.750000 0.000000 -0.000000 2.729470 1757226352.594049
-1.759748 0.409868 0.750000 0.000000 -0.000000 2.961010 1757226353.624020
-1.895705 0.431148 0.750000 0.000000 -0.000000 3.017140 1757226354.621248
-1.895705 0.431148 0.750000 0.000000 -0.000000 3.021040 1757226355.596252
-1.895705 0.431148 0.750000 0.000000 -0.000000 3.021185 1757226356.626250
-1.895705 0.431148 0.750000 0.000000 -0.000000 3.021185 1757226357.603276
-1.895705 0.431148 0.750000 0.000000 0.000000 -3.103312 1757226358.603451
-2.184251 0.383639 0.750000 0.000000 0.000000 -2.947116 1757226359.617081
-2.278651 0.364236 0.750000 0.000000 0.000000 -2.926820 1757226360.586943
-2.278651 0.364236 0.750000 0.000000 0.000000 -2.925533 1757226361.595990
-2.278651 0.364236 0.750000 0.000000 0.000000 -2.925494 1757226362.610989
-2.278651 0.364236 0.750000 0.000000 0.000000 -2.925494 1757226363.590988
-2.278651 0.364236 0.750000 0.000000 0.000000 -2.925494 1757226364.597085
-2.101615 0.366084 0.750000 0.000000 -0.000000 3.125617 1757226365.607085
-1.998986 0.363115 0.750000 0.000000 -0.000000 3.094340 1757226366.602084
-1.998986 0.363115 0.750000 0.000000 -0.000000 3.092483 1757226367.592174
-1.998986 0.363115 0.750000 0.000000 -0.000000 3.092412 1757226368.611044
-1.998986 0.363115 0.750000 0.000000 -0.000000 3.092412 1757226369.607028
-1.998986 0.363115 0.750000 0.000000 -0.000000 3.092412 1757226370.615986
-2.038378 0.357812 0.750000 0.000000 0.000000 -2.994859 1757226371.585987
-2.278057 0.313679 0.750000 0.000000 0.000000 -2.927765 1757226372.585986
-2.278057 0.313679 0.750000 0.000000 0.000000 -2.921044 1757226373.594981
-2.278057 0.313679 0.750000 0.000000 0.000000 -2.920796 1757226374.602995
-2.278057 0.313679 0.750000 0.000000 0.000000 -2.920796 1757226375.613978
-2.278057 0.313679 0.750000 0.000000 0.000000 -2.920796 1757226376.613976
-2.278057 0.313679 0.750000 0.000000 0.000000 -2.920796 1757226377.578975
-2.093111 0.321941 0.750000 0.000000 0.000000 -3.131082 1757226378.583979
-2.052088 0.322101 0.750000 0.000000 -0.000000 3.128851 1757226379.593977
-2.052088 0.322101 0.750000 0.000000 -0.000000 3.127937 1757226380.628978
-2.052088 0.322101 0.750000 0.000000 -0.000000 3.127915 1757226381.628998
-2.052088 0.322101 0.750000 0.000000 -0.000000 3.127915 1757226382.623996
-2.052088 0.322101 0.750000 0.000000 -0.000000 3.127915 1757226383.623996
-2.070992 0.319743 0.750000 0.000000 0.000000 -3.007143 1757226384.598245
-2.270972 0.284535 0.750000 0.000000 0.000000 -2.929761 1757226385.608245
-2.270972 0.284535 0.750000 0.000000 0.000000 -2.923497 1757226386.596986
-2.270972 0.284535 0.750000 0.000000 0.000000 -2.923266 1757226387.588035
-2.270972 0.284535 0.750000 0.000000 0.000000 -2.923263 1757226388.590968
-2.270972 0.284535 0.750000 0.000000 0.000000 -2.923263 1757226389.635987
-2.270972 0.284535 0.750000 0.000000 0.000000 -2.923263 1757226390.597673
-2.111680 0.294919 0.750000 0.000000 0.000000 -3.112724 1757226391.602677
-2.075312 0.295697 0.750000 0.000000 0.000000 -3.140142 1757226392.602676
-2.075312 0.295697 0.750000 0.000000 0.000000 -3.141275 1757226393.607672
-2.075312 0.295697 0.750000 0.000000 0.000000 -3.141310 1757226394.609164
-2.075312 0.295697 0.750000 0.000000 0.000000 -3.141310 1757226395.602678
-2.075312 0.295697 0.750000 0.000000 0.000000 -3.141310 1757226396.634998
-2.075312 0.295697 0.750000 0.000000 0.000000 -3.067044 1757226397.599999
-2.263469 0.264846 0.750000 0.000000 0.000000 -2.941496 1757226398.580000
-2.267878 0.263946 0.750000 0.000000 0.000000 -2.928116 1757226399.614965
-2.267878 0.263946 0.750000 0.000000 0.000000 -2.927644 1757226400.602980
-2.267878 0.263946 0.750000 0.000000 0.000000 -2.927633 1757226401.604921
-2.267878 0.263946 0.750000 0.000000 0.000000 -2.927633 1757226402.622976
-2.267878 0.263946 0.750000 0.000000 0.000000 -2.927633 1757226403.597978
-2.259212 0.270391 0.750000 0.000000 0.000000 -2.493744 1757226404.582977
-1.942752 0.565390 0.750000 0.000000 0.000000 -2.308678 1757226405.602976
-1.883535 0.632362 0.750000 0.000000 0.000000 -2.273468 1757226406.603056
-1.883535 0.632362 0.750000 0.000000 0.000000 -2.271488 1757226407.603056
-1.883535 0.632362 0.750000 0.000000 0.000000 -2.271420 1757226408.628059
-1.883535 0.632362 0.750000 0.000000 0.000000 -2.271420 1757226409.588058
-1.885049 0.631256 0.750000 0.000000 0.000000 -2.513714 1757226410.628924
-2.223204 0.434712 0.750000 0.000000 0.000000 -2.684367 1757226411.588902
-2.333488 0.382854 0.750000 0.000000 0.000000 -2.724344 1757226412.592942
-2.333488 0.382854 0.750000 0.000000 0.000000 -2.727099 1757226413.608984
-2.333488 0.382854 0.750000 0.000000 0.000000 -2.727181 1757226414.600991
-2.333488 0.382854 0.750000 0.000000 0.000000 -2.727181 1757226415.605993
-2.333488 0.382854 0.750000 0.000000 0.000000 -2.727181 1757226416.620990
-2.227773 0.469769 0.750000 0.000000 0.000000 -2.434266 1757226417.605949
-2.031471 0.646259 0.750000 0.000000 0.000000 -2.387053 1757226418.586695
-2.030543 0.647132 0.750000 0.000000 0.000000 -2.381405 1757226419.601610
-2.030543 0.647132 0.750000 0.000000 0.000000 -2.381192 1757226420.599973
-2.030543 0.647132 0.750000 0.000000 0.000000 -2.381190 1757226421.604951
-2.030543 0.647132 0.750000 0.000000 0.000000 -2.381190 1757226422.623997
-2.030543 0.647132 0.750000 0.000000 0.000000 -2.556020 1757226423.621981
-2.291201 0.510142 0.750000 0.000000 0.000000 -2.687433 1757226424.617023
-2.364495 0.474966 0.750000 0.000000 0.000000 -2.704956 1757226425.592987
-2.364495 0.474966 0.750000 0.000000 0.000000 -2.706008 1757226426.604064
-2.364495 0.474966 0.750000 0.000000 0.000000 -2.706039 1757226427.606018
-2.364495 0.474966 0.750000 0.000000 0.000000 -2.706039 1757226428.604910
-2.364495 0.474966 0.750000 0.000000 0.000000 -2.706039 1757226429.590957
-2.259659 0.554528 0.750000 0.000000 0.000000 -2.470624 1757226430.625957
-2.127383 0.664411 0.750000 0.000000 0.000000 -2.423851 1757226431.625964
-2.127383 0.664411 0.750000 0.000000 0.000000 -2.420300 1757226432.610957
-2.127383 0.664411 0.750000 0.000000 0.000000 -2.420164 1757226433.610957
-2.127383 0.664411 0.750000 0.000000 0.000000 -2.420164 1757226434.580958
-2.127383 0.664411 0.750000 0.000000 0.000000 -2.420164 1757226435.620958
-2.127383 0.664411 0.750000 0.000000 0.000000 -2.535190 1757226436.585958
-2.341345 0.545756 0.750000 0.000000 0.000000 -2.669760 1757226437.615958
-2.371401 0.530570 0.750000 0.000000 0.000000 -2.685215 1757226438.615961
-2.371401 0.530570 0.750000 0.000000 0.000000 -2.685857 1757226439.610957
-2.371401 0.530570 0.750000 0.000000 0.000000 -2.685875 1757226440.606030
-2.371401 0.530570 0.750000 0.000000 0.000000 -2.685875 1757226441.596033
-2.371401 0.530570 0.750000 0.000000 0.000000 -2.685875 1757226442.606031
-2.317263 0.569864 0.750000 0.000000 0.000000 -2.498783 1757226443.591044
-2.169823 0.687113 0.750000 0.000000 0.000000 -2.439581 1757226444.591031
-2.169823 0.687113 0.750000 0.000000 0.000000 -2.434664 1757226445.606030
-2.169823 0.687113 0.750000 0.000000 0.000000 -2.434493 1757226446.594001
-2.169823 0.687113 0.750000 0.000000 0.000000 -2.434493 1757226447.597055
-2.169823 0.687113 0.750000 0.000000 0.000000 -2.434493 1757226448.581983
-2.169823 0.687113 0.750000 0.000000 0.000000 -2.505194 1757226449.581987
-2.357417 0.579269 0.750000 0.000000 0.000000 -2.657987 1757226450.621989
-2.370049 0.572673 0.750000 0.000000 0.000000 -2.673445 1757226451.614897
-2.370049 0.572673 0.750000 0.000000 0.000000 -2.674160 1757226452.589896
-2.370049 0.572673 0.750000 0.000000 0.000000 -2.674181 1757226453.623164
-2.370049 0.572673 0.750000 0.000000 0.000000 -2.674181 1757226454.616904
-2.370049 0.572673 0.750000 0.000000 0.000000 -2.635869 1757226455.623980
-2.219295 0.683947 0.750000 0.000000 0.000000 -2.469234 1757226456.616899
-2.200290 0.699209 0.750000 0.000000 0.000000 -2.449618 1757226457.628021
-2.200290 0.699209 0.750000 0.000000 0.000000 -2.448887 1757226458.618024
-2.200290 0.699209 0.750000 0.000000 0.000000 -2.448864 1757226459.584997
-2.200290 0.699209 0.750000 0.000000 0.000000 -2.448864 1757226460.625009
-2.200290 0.699209 0.750000 0.000000 0.000000 -2.448864 1757226461.615014
-2.248038 0.669200 0.750000 0.000000 0.000000 -2.597102 1757226462.630174
-2.375077 0.597702 0.750000 0.000000 0.000000 -2.665440 1757226463.606035
-2.375077 0.597702 0.750000 0.000000 0.000000 -2.670881 1757226464.616036
-2.375077 0.597702 0.750000 0.000000 0.000000 -2.671075 1757226465.616580
-2.375077 0.597702 0.750000 0.000000 0.000000 -2.671075 1757226466.606990
-2.375077 0.597702 0.750000 0.000000 0.000000 -2.671075 1757226467.606986
-2.375077 0.597702 0.750000 0.000000 0.000000 -2.671075 1757226468.611991
-2.302297 0.648035 0.750000 0.000000 0.000000 -2.514128 1757226469.611987
-2.224791 0.706681 0.750000 0.000000 0.000000 -2.464161 1757226470.621987
-2.224791 0.706681 0.750000 0.000000 0.000000 -2.461540 1757226471.601988
-2.224791 0.706681 0.750000 0.000000 0.000000 -2.461439 1757226472.602975
-2.224791 0.706681 0.750000 0.000000 0.000000 -2.461439 1757226473.625981
-2.224791 0.706681 0.750000 0.000000 0.000000 -2.461439 1757226474.581972
-2.224791 0.706681 0.750000 0.000000 0.000000 -2.461439 1757226475.576931
-2.360152 0.625677 0.750000 0.000000 0.000000 -2.642426 1757226476.615963
-2.372224 0.619146 0.750000 0.000000 0.000000 -2.664222 1757226477.610958
-2.372224 0.619146 0.750000 0.000000 0.000000 -2.665041 1757226478.579982
-2.372224 0.619146 0.750000 0.000000 0.000000 -2.665071 1757226479.594978
-2.372224 0.619146 0.750000 0.000000 0.000000 -2.665071 1757226480.626998
-2.372224 0.619146 0.750000 0.000000 0.000000 -2.665071 1757226481.572934
-2.372224 0.619146 0.750000 0.000000 0.000000 -2.591768 1757226482.594964
-2.236854 0.715355 0.750000 0.000000 0.000000 -2.479440 1757226483.589964
-2.236854 0.715355 0.750000 0.000000 0.000000 -2.470022 1757226484.591064
-2.236854 0.715355 0.750000 0.000000 0.000000 -2.469662 1757226485.586065
-2.236854 0.715355 0.750000 0.000000 0.000000 -2.469653 1757226486.586064
-2.236854 0.715355 0.750000 0.000000 0.000000 -2.469653 1757226487.626065
-2.236854 0.715355 0.750000 0.000000 0.000000 -2.469653 1757226488.621969
-2.368387 0.637296 0.750000 0.000000 0.000000 -2.645542 1757226489.624955
-2.380082 0.631015 0.750000 0.000000 0.000000 -2.667228 1757226490.615969
-2.380082 0.631015 0.750000 0.000000 0.000000 -2.668117 1757226491.610971
-2.380082 0.631015 0.750000 0.000000 0.000000 -2.668140 1757226492.603004
-2.380082 0.631015 0.750000 0.000000 0.000000 -2.668140 1757226493.606981
-2.380082 0.631015 0.750000 0.000000 0.000000 -2.668140 1757226494.601980
-2.375656 0.633696 0.750000 0.000000 0.000000 -2.589966 1757226495.612442
-2.255716 0.716386 0.750000 0.000000 0.000000 -2.486500 1757226496.626979
-2.255716 0.716386 0.750000 0.000000 0.000000 -2.479305 1757226497.601979
-2.255716 0.716386 0.750000 0.000000 0.000000 -2.479025 1757226498.607042
-2.255716 0.716386 0.750000 0.000000 0.000000 -2.479022 1757226499.603017
-2.255716 0.716386 0.750000 0.000000 0.000000 -2.479022 1757226500.603981
-2.255716 0.716386 0.750000 0.000000 0.000000 -2.479022 1757226501.613991
-2.320603 0.676023 0.750000 0.000000 0.000000 -2.607689 1757226502.593984
-2.375816 0.644612 0.750000 0.000000 0.000000 -2.656192 1757226503.601915
-2.375816 0.644612 0.750000 0.000000 0.000000 -2.658506 1757226504.619982
-2.375816 0.644612 0.750000 0.000000 0.000000 -2.658583 1757226505.622513
-2.375816 0.644612 0.750000 0.000000 0.000000 -2.658583 1757226506.612056
-2.375816 0.644612 0.750000 0.000000 0.000000 -2.658583 1757226507.607668
-2.375816 0.644612 0.750000 0.000000 0.000000 -2.658583 1757226508.615486
-2.261521 0.723730 0.750000 0.000000 0.000000 -2.496413 1757226509.582667
-2.260503 0.724497 0.750000 0.000000 0.000000 -2.477877 1757226510.584503
-2.260503 0.724497 0.750000 0.000000 0.000000 -2.477204 1757226511.601987
-2.260503 0.724497 0.750000 0.000000 0.000000 -2.477188 1757226512.601985
-2.260503 0.724497 0.750000 0.000000 0.000000 -2.477188 1757226513.602099
-2.260503 0.724497 0.750000 0.000000 0.000000 -2.477188 1757226514.601986
-2.260503 0.724497 0.750000 0.000000 0.000000 -2.494152 1757226515.586986
-2.376892 0.653836 0.750000 0.000000 0.000000 -2.640739 1757226516.591988
-2.376892 0.653836 0.750000 0.000000 0.000000 -2.652725 1757226517.601988
-2.376892 0.653836 0.750000 0.000000 0.000000 -2.653144 1757226518.602030
-2.376892 0.653836 0.750000 0.000000 0.000000 -2.653155 1757226519.588074
-2.376892 0.653836 0.750000 0.000000 0.000000 -2.653155 1757226520.628075
-2.376892 0.653836 0.750000 0.000000 0.000000 -2.653155 1757226521.628074
-2.340318 0.677521 0.750000 0.000000 0.000000 -2.551452 1757226522.583074
-2.271074 0.726502 0.750000 0.000000 0.000000 -2.486349 1757226523.598074
-2.271074 0.726502 0.750000 0.000000 0.000000 -2.483020 1757226524.608073
-2.271074 0.726502 0.750000 0.000000 0.000000 -2.482906 1757226525.618074
-2.271074 0.726502 0.750000 0.000000 0.000000 -2.482906 1757226526.618075
-2.271074 0.726502 0.750000 0.000000 0.000000 -2.482906 1757226527.618073
-2.271074 0.726502 0.750000 0.000000 0.000000 -2.482906 1757226528.618996
-2.353035 0.675553 0.750000 0.000000 0.000000 -2.615756 1757226529.606978
-2.382132 0.659054 0.750000 0.000000 0.000000 -2.653255 1757226530.619152
-2.382132 0.659054 0.750000 0.000000 0.000000 -2.654728 1757226531.580983
-2.382132 0.659054 0.750000 0.000000 0.000000 -2.654789 1757226532.615987
-2.382132 0.659054 0.750000 0.000000 0.000000 -2.654789 1757226533.623031
