-2.306543 0.751629 0.750000 0.000000 0.000000 -2.531350 1757226736.544006
-2.306543 0.751629 0.750000 0.000000 0.000000 -2.518986 1757226737.557960
-2.306543 0.751629 0.750000 0.000000 0.000000 -2.518556 1757226738.555153
-2.306543 0.751629 0.750000 0.000000 0.000000 -2.518544 1757226739.553076
-2.306543 0.751629 0.750000 0.000000 0.000000 -2.518544 1757226740.542217
-2.306543 0.751629 0.750000 0.000000 0.000000 -2.518544 1757226741.542436
-2.366885 0.714474 0.750000 0.000000 0.000000 -2.618475 1757226742.582435
-2.378422 0.707906 0.750000 0.000000 0.000000 -2.655551 1757226743.547439
-2.378422 0.707906 0.750000 0.000000 0.000000 -2.657143 1757226744.539028
-2.378422 0.707906 0.750000 0.000000 0.000000 -2.657198 1757226745.539724
-2.378422 0.707906 0.750000 0.000000 0.000000 -2.657198 1757226746.534299
