0.000000 0.000000 0.750000 0.000000 -0.000000 0.000000 1757226784.319069
0.000000 0.000000 0.750000 0.000000 -0.000000 0.000000 1757226785.336903
0.000000 0.000000 0.750000 0.000000 -0.000000 0.000000 1757226786.306023
0.000000 0.000000 0.750000 0.000000 -0.000000 0.000000 1757226787.318236
0.000000 0.000000 0.750000 0.000000 -0.000000 0.000000 1757226788.349356
0.000000 0.000000 0.750000 0.000000 -0.000000 0.000000 1757226789.346971
0.000000 0.000000 0.750000 0.000000 -0.000000 0.000000 1757226790.337993
0.000000 0.000000 0.750000 0.000000 -0.000000 0.000000 1757226791.328977
0.000000 0.000000 0.750000 0.000000 -0.000000 0.000000 1757226792.337008
0.000000 0.000000 0.750000 0.000000 -0.000000 0.000000 1757226793.346984
0.000000 0.000000 0.750000 0.000000 -0.000000 0.000000 1757226794.312007
0.000000 0.000000 0.750000 0.000000 -0.000000 0.000000 1757226795.306985
0.000000 0.000000 0.750000 0.000000 -0.000000 0.000000 1757226796.311991
0.000000 0.000000 0.750000 0.000000 -0.000000 0.000000 1757226797.320314
0.000000 0.000000 0.750000 0.000000 -0.000000 0.000000 1757226798.340311
0.000000 0.000000 0.750000 0.000000 -0.000000 0.070205 1757226799.335309
-0.233620 -0.068341 0.750000 0.000000 -0.000000 0.309357 1757226800.315308
-0.382733 -0.118100 0.750000 0.000000 -0.000000 0.336654 1757226801.335310
-0.382733 -0.118100 0.750000 0.000000 -0.000000 0.338486 1757226802.310308
-0.382733 -0.118100 0.750000 0.000000 -0.000000 0.338557 1757226803.328966
-0.382733 -0.118100 0.750000 0.000000 -0.000000 0.338559 1757226804.306990
-0.382733 -0.118100 0.750000 0.000000 -0.000000 0.338559 1757226805.343988
-0.382733 -0.118100 0.750000 0.000000 -0.000000 0.524713 1757226806.333988
-0.646538 -0.337709 0.750000 0.000000 -0.000000 0.796304 1757226807.313989
-0.822503 -0.535205 0.750000 0.000000 -0.000000 0.884526 1757226808.318331
-0.823073 -0.535902 0.750000 0.000000 -0.000000 0.894275 1757226809.319560
-0.823073 -0.535902 0.750000 0.000000 -0.000000 0.894647 1757226810.334561
-0.823073 -0.535902 0.750000 0.000000 -0.000000 0.894660 1757226811.326021
-0.823073 -0.535902 0.750000 0.000000 -0.000000 0.894660 1757226812.333997
-0.668041 -0.430539 0.750000 0.000000 -0.000000 0.564632 1757226813.333994
-0.430954 -0.291697 0.750000 0.000000 -0.000000 0.498365 1757226814.338997
-0.430031 -0.291195 0.750000 0.000000 -0.000000 0.491295 1757226815.324010
-0.430031 -0.291195 0.750000 0.000000 -0.000000 0.491042 1757226816.337346
-0.430031 -0.291195 0.750000 0.000000 -0.000000 0.491033 1757226817.327044
-0.430031 -0.291195 0.750000 0.000000 -0.000000 0.491033 1757226818.342020
-0.438681 -0.299073 0.750000 0.000000 -0.000000 0.747969 1757226819.342020
-0.691294 -0.563975 0.750000 0.000000 -0.000000 0.845877 1757226820.353994
-0.728596 -0.606477 0.750000 0.000000 -0.000000 0.859749 1757226821.327096
-0.728596 -0.606477 0.750000 0.000000 -0.000000 0.860430 1757226822.337090
-0.728596 -0.606477 0.750000 0.000000 -0.000000 0.860454 1757226823.342092
-0.728596 -0.606477 0.750000 0.000000 -0.000000 0.860454 1757226824.347096
-0.728596 -0.606477 0.750000 0.000000 -0.000000 0.782702 1757226825.347095
-0.536612 -0.472514 0.750000 0.000000 -0.000000 0.580280 1757226826.307094
-0.444755 -0.413745 0.750000 0.000000 -0.000000 0.553756 1757226827.317091
-0.444755 -0.413745 0.750000 0.000000 -0.000000 0.552242 1757226828.342091
-0.444755 -0.413745 0.750000 0.000000 -0.000000 0.552192 1757226829.322092
-0.444755 -0.413745 0.750000 0.000000 -0.000000 0.552192 1757226830.312091
-0.444755 -0.413745 0.750000 0.000000 -0.000000 0.552192 1757226831.322093
-0.516405 -0.482914 0.750000 0.000000 -0.000000 0.786499 1757226832.322091
-0.668160 -0.644084 0.750000 0.000000 -0.000000 0.843490 1757226833.332092
-0.668160 -0.644084 0.750000 0.000000 -0.000000 0.848620 1757226834.342092
-0.668160 -0.644084 0.750000 0.000000 -0.000000 0.848797 1757226835.332092
-0.668160 -0.644084 0.750000 0.000000 -0.000000 0.848802 1757226836.337090
-0.668160 -0.644084 0.750000 0.000000 -0.000000 0.848802 1757226837.292996
-0.629722 -0.613620 0.750000 0.000000 -0.000000 0.656023 1757226838.336920
-0.444226 -0.480859 0.750000 0.000000 -0.000000 0.589797 1757226839.314316
-0.444226 -0.480859 0.750000 0.000000 -0.000000 0.581548 1757226840.330974
-0.444226 -0.480859 0.750000 0.000000 -0.000000 0.581264 1757226841.337035
-0.444226 -0.480859 0.750000 0.000000 -0.000000 0.581254 1757226842.342031
-0.444226 -0.480859 0.750000 0.000000 -0.000000 0.581254 1757226843.323778
-0.444226 -0.480859 0.750000 0.000000 -0.000000 0.625606 1757226844.318778
-0.595185 -0.629333 0.750000 0.000000 -0.000000 0.813931 1757226845.326199
-0.625060 -0.661362 0.750000 0.000000 -0.000000 0.835537 1757226846.312595
-0.625060 -0.661362 0.750000 0.000000 -0.000000 0.836621 1757226847.302592
-0.625060 -0.661362 0.750000 0.000000 -0.000000 0.836662 1757226848.342591
-0.625060 -0.661362 0.750000 0.000000 -0.000000 0.836662 1757226849.327591
-0.625060 -0.661362 0.750000 0.000000 -0.000000 0.836662 1757226850.326014
-0.600763 -0.641081 0.750000 0.000000 -0.000000 0.683739 1757226851.337657
-0.439487 -0.520451 0.750000 0.000000 -0.000000 0.601290 1757226852.342660
-0.439487 -0.520451 0.750000 0.000000 -0.000000 0.594253 1757226853.318983
-0.439487 -0.520451 0.750000 0.000000 -0.000000 0.593938 1757226854.310028
-0.439487 -0.520451 0.750000 0.000000 -0.000000 0.593927 1757226855.320024
-0.439487 -0.520451 0.750000 0.000000 -0.000000 0.593927 1757226856.330858
-0.439487 -0.520451 0.750000 0.000000 -0.000000 0.593927 1757226857.335026
-0.542804 -0.618117 0.750000 0.000000 -0.000000 0.786512 1757226858.335024
-0.596305 -0.673213 0.750000 0.000000 -0.000000 0.821677 1757226859.300025
-0.596305 -0.673213 0.750000 0.000000 -0.000000 0.823713 1757226860.345029
-0.596305 -0.673213 0.750000 0.000000 -0.000000 0.823775 1757226861.315025
-0.596305 -0.673213 0.750000 0.000000 -0.000000 0.823776 1757226862.318525
-0.596305 -0.673213 0.750000 0.000000 -0.000000 0.823776 1757226863.325975
-0.590621 -0.668320 0.750000 0.000000 -0.000000 0.703976 1757226864.335976
-0.440722 -0.552539 0.750000 0.000000 -0.000000 0.619688 1757226865.310978
-0.440722 -0.552539 0.750000 0.000000 -0.000000 0.611521 1757226866.316403
-0.440722 -0.552539 0.750000 0.000000 -0.000000 0.611220 1757226867.366400
-0.440722 -0.552539 0.750000 0.000000 -0.000000 0.611213 1757226868.336399
-0.440722 -0.552539 0.750000 0.000000 -0.000000 0.611213 1757226869.341399
-0.440722 -0.552539 0.750000 0.000000 -0.000000 0.611213 1757226870.321399
-0.477024 -0.596086 0.750000 0.000000 -0.000000 0.895526 1757226871.332296
-0.676535 -0.933169 0.750000 0.000000 -0.000000 1.149408 1757226872.342266
-0.760422 -1.132359 0.750000 0.000000 -0.000000 1.194548 1757226873.332292
-0.760422 -1.132359 0.750000 0.000000 -0.000000 1.198844 1757226874.342291
-0.760422 -1.132359 0.750000 0.000000 -0.000000 1.198994 1757226875.318981
-0.760422 -1.132359 0.750000 0.000000 -0.000000 1.198998 1757226876.303981
-0.760422 -1.132359 0.750000 0.000000 -0.000000 1.363822 1757226877.329965
-0.778639 -1.460339 0.750000 0.000000 -0.000000 1.561368 1757226878.329970
-0.777959 -1.590683 0.750000 0.000000 -0.000000 1.594682 1757226879.347979
-0.777959 -1.590683 0.750000 0.000000 -0.000000 1.596798 1757226880.346097
-0.777959 -1.590683 0.750000 0.000000 -0.000000 1.596878 1757226881.331071
-0.777959 -1.590683 0.750000 0.000000 -0.000000 1.596878 1757226882.346098
-0.777959 -1.590683 0.750000 0.000000 -0.000000 1.596878 1757226883.346098
-0.758542 -1.704214 0.750000 0.000000 -0.000000 1.768048 1757226884.347746
-0.741662 -1.782051 0.750000 0.000000 -0.000000 1.811603 1757226885.317742
-0.741662 -1.782051 0.750000 0.000000 -0.000000 1.814068 1757226886.327741
-0.741662 -1.782051 0.750000 0.000000 -0.000000 1.814150 1757226887.322742
-0.741662 -1.782051 0.750000 0.000000 -0.000000 1.814150 1757226888.317746
-0.741662 -1.782051 0.750000 0.000000 -0.000000 1.814150 1757226889.347745
-0.741662 -1.782051 0.750000 0.000000 -0.000000 1.814150 1757226890.316052
-0.753982 -1.629125 0.750000 0.000000 -0.000000 1.621514 1757226891.326001
-0.756348 -1.571275 0.750000 0.000000 -0.000000 1.592047 1757226892.331068
-0.756348 -1.571275 0.750000 0.000000 -0.000000 1.590709 1757226893.326074
-0.756348 -1.571275 0.750000 0.000000 -0.000000 1.590661 1757226894.321240
-0.756348 -1.571275 0.750000 0.000000 -0.000000 1.590661 1757226895.356067
-0.756348 -1.571275 0.750000 0.000000 -0.000000 1.590661 1757226896.311069
-0.756348 -1.571275 0.750000 0.000000 -0.000000 1.590661 1757226897.326070
-0.729296 -1.735204 0.750000 0.000000 -0.000000 1.774094 1757226898.342416
-0.727799 -1.742400 0.750000 0.000000 -0.000000 1.792814 1757226899.316066
-0.727799 -1.742400 0.750000 0.000000 -0.000000 1.793521 1757226900.331067
-0.727799 -1.742400 0.750000 0.000000 -0.000000 1.793542 1757226901.340902
-0.727799 -1.742400 0.750000 0.000000 -0.000000 1.793542 1757226902.339961
-0.727799 -1.742400 0.750000 0.000000 -0.000000 1.793542 1757226903.316029
-0.731498 -1.709610 0.750000 0.000000 -0.000000 1.670662 1757226904.326028
-0.740867 -1.570748 0.750000 0.000000 -0.000000 1.598922 1757226905.326027
-0.740867 -1.570748 0.750000 0.000000 -0.000000 1.594184 1757226906.326030
-0.740867 -1.570748 0.750000 0.000000 -0.000000 1.594020 1757226907.336028
-0.740867 -1.570748 0.750000 0.000000 -0.000000 1.594017 1757226908.336028
-0.740867 -1.570748 0.750000 0.000000 -0.000000 1.594017 1757226909.346030
-0.740867 -1.570748 0.750000 0.000000 -0.000000 1.594017 1757226910.318802
-0.723839 -1.686174 0.750000 0.000000 -0.000000 1.749804 1757226911.328965
-0.716358 -1.725366 0.750000 0.000000 -0.000000 1.784498 1757226912.324907
-0.716358 -1.725366 0.750000 0.000000 -0.000000 1.786472 1757226913.341970
-0.716358 -1.725366 0.750000 0.000000 -0.000000 1.786535 1757226914.306967
-0.716358 -1.725366 0.750000 0.000000 -0.000000 1.786535 1757226915.306969
-0.716358 -1.725366 0.750000 0.000000 -0.000000 1.786535 1757226916.316289
-0.716358 -1.725366 0.750000 0.000000 -0.000000 1.786535 1757226917.321291
-0.728858 -1.572321 0.750000 0.000000 -0.000000 1.613764 1757226918.306290
-0.728934 -1.570523 0.750000 0.000000 -0.000000 1.596588 1757226919.306290
-0.728934 -1.570523 0.750000 0.000000 -0.000000 1.595997 1757226920.308001
-0.728934 -1.570523 0.750000 0.000000 -0.000000 1.595978 1757226921.337994
-0.728934 -1.570523 0.750000 0.000000 -0.000000 1.595978 1757226922.337997
-0.728934 -1.570523 0.750000 0.000000 -0.000000 1.595978 1757226923.307999
-0.728934 -1.570523 0.750000 0.000000 -0.000000 1.619392 1757226924.337995
-0.708586 -1.708334 0.750000 0.000000 -0.000000 1.762347 1757226925.303975
-0.708586 -1.708334 0.750000 0.000000 -0.000000 1.778315 1757226926.310535
-0.708586 -1.708334 0.750000 0.000000 -0.000000 1.778886 1757226927.303980
-0.708586 -1.708334 0.750000 0.000000 -0.000000 1.778906 1757226928.303987
-0.708586 -1.708334 0.750000 0.000000 -0.000000 1.778906 1757226929.304943
-0.708586 -1.708334 0.750000 0.000000 -0.000000 1.778906 1757226930.311510
-0.719509 -1.590819 0.750000 0.000000 -0.000000 1.628616 1757226931.321499
-0.720900 -1.563105 0.750000 0.000000 -0.000000 1.596272 1757226932.324778
-0.720900 -1.563105 0.750000 0.000000 -0.000000 1.595000 1757226933.340911
-0.720900 -1.563105 0.750000 0.000000 -0.000000 1.594953 1757226934.339983
-0.720900 -1.563105 0.750000 0.000000 -0.000000 1.594953 1757226935.334168
-0.720900 -1.563105 0.750000 0.000000 -0.000000 1.594953 1757226936.304168
-0.720900 -1.563105 0.750000 0.000000 -0.000000 1.594953 1757226937.324167
-0.702998 -1.687038 0.750000 0.000000 -0.000000 1.749200 1757226938.319167
-0.699804 -1.704295 0.750000 0.000000 -0.000000 1.774815 1757226939.309170
-0.699804 -1.704295 0.750000 0.000000 -0.000000 1.775840 1757226940.314167
-0.699804 -1.704295 0.750000 0.000000 -0.000000 1.775876 1757226941.320958
-0.699804 -1.704295 0.750000 0.000000 -0.000000 1.775876 1757226942.326017
-0.699804 -1.704295 0.750000 0.000000 -0.000000 1.775876 1757226943.321017
-0.699804 -1.704295 0.750000 0.000000 -0.000000 1.747046 1757226944.347494
-0.711458 -1.570589 0.750000 0.000000 -0.000000 1.611529 1757226945.348150
-0.711458 -1.570589 0.750000 0.000000 -0.000000 1.600614 1757226946.338146
-0.711458 -1.570589 0.750000 0.000000 -0.000000 1.600204 1757226947.343148
-0.711458 -1.570589 0.750000 0.000000 -0.000000 1.600193 1757226948.343990
-0.711458 -1.570589 0.750000 0.000000 -0.000000 1.600193 1757226949.329016
-0.711458 -1.570589 0.750000 0.000000 -0.000000 1.600193 1757226950.339980
-0.711458 -1.570589 0.750000 0.000000 -0.000000 1.471099 1757226951.335465
-0.627494 -1.284290 0.750000 0.000000 -0.000000 1.240891 1757226952.316135
-0.570968 -1.129285 0.750000 0.000000 -0.000000 1.198830 1757226953.316136
-0.570968 -1.129285 0.750000 0.000000 -0.000000 1.195676 1757226954.302175
-0.570968 -1.129285 0.750000 0.000000 -0.000000 1.195547 1757226955.322177
-0.570968 -1.129285 0.750000 0.000000 -0.000000 1.195545 1757226956.341018
-0.570968 -1.129285 0.750000 0.000000 -0.000000 1.195545 1757226957.316002
-0.567065 -1.119376 0.750000 0.000000 -0.000000 1.195545 1757226958.323010
-0.383390 -0.653099 0.750000 0.000000 -0.000000 1.195545 1757226959.327878
-0.329349 -0.515909 0.750000 0.000000 -0.000000 1.195544 1757226960.317880
-0.329349 -0.515909 0.750000 0.000000 -0.000000 1.195544 1757226961.307876
-0.329349 -0.515909 0.750000 0.000000 -0.000000 1.195544 1757226962.312876
-0.329349 -0.515909 0.750000 0.000000 -0.000000 1.195544 1757226963.346381
-0.329349 -0.515909 0.750000 0.000000 -0.000000 1.195544 1757226964.312954
-0.329349 -0.515909 0.750000 0.000000 -0.000000 1.419116 1757226965.346045
-0.325377 -0.123036 0.750000 0.000000 -0.000000 1.661485 1757226966.311047
-0.350545 0.075437 0.750000 0.000000 -0.000000 1.733078 1757226967.311067
-0.350545 0.075437 0.750000 0.000000 -0.000000 1.739214 1757226968.331045
-0.350545 0.075437 0.750000 0.000000 -0.000000 1.739423 1757226969.346047
-0.350545 0.075437 0.750000 0.000000 -0.000000 1.739427 1757226970.316045
-0.350545 0.075437 0.750000 0.000000 -0.000000 1.620555 1757226971.342098
-0.383844 -0.181262 0.750000 0.000000 -0.000000 1.414656 1757226972.312421
-0.411095 -0.340645 0.750000 0.000000 -0.000000 1.386991 1757226973.319444
-0.411095 -0.340645 0.750000 0.000000 -0.000000 1.384794 1757226974.334466
-0.411095 -0.340645 0.750000 0.000000 -0.000000 1.384719 1757226975.339468
-0.411095 -0.340645 0.750000 0.000000 -0.000000 1.384719 1757226976.349466
-0.411095 -0.340645 0.750000 0.000000 -0.000000 1.384719 1757226977.303988
-0.421439 -0.228334 0.750000 0.000000 -0.000000 1.680989 1757226978.338988
-0.461994 0.062972 0.750000 0.000000 -0.000000 1.733906 1757226979.322992
-0.464200 0.076291 0.750000 0.000000 -0.000000 1.740854 1757226980.317995
-0.464200 0.076291 0.750000 0.000000 -0.000000 1.741109 1757226981.317999
-0.464200 0.076291 0.750000 0.000000 -0.000000 1.741115 1757226982.318122
-0.464200 0.076291 0.750000 0.000000 -0.000000 1.741115 1757226983.347993
-0.464200 0.076291 0.750000 0.000000 -0.000000 1.601876 1757226984.307997
-0.481027 -0.188901 0.750000 0.000000 -0.000000 1.472055 1757226985.314996
-0.485684 -0.233659 0.750000 0.000000 -0.000000 1.455482 1757226986.318005
-0.485684 -0.233659 0.750000 0.000000 -0.000000 1.454785 1757226987.326033
-0.485684 -0.233659 0.750000 0.000000 -0.000000 1.454762 1757226988.344987
-0.485684 -0.233659 0.750000 0.000000 -0.000000 1.454762 1757226989.335024
-0.485684 -0.233659 0.750000 0.000000 -0.000000 1.454762 1757226990.309987
-0.539152 -0.357911 0.750000 0.000000 -0.000000 1.131359 1757226991.309985
-0.752969 -0.680558 0.750000 0.000000 -0.000000 0.898560 1757226992.315006
-0.842396 -0.789370 0.750000 0.000000 -0.000000 0.864148 1757226993.324987
-0.842396 -0.789370 0.750000 0.000000 -0.000000 0.861984 1757226994.339988
-0.842396 -0.789370 0.750000 0.000000 -0.000000 0.861915 1757226995.309987
-0.842396 -0.789370 0.750000 0.000000 -0.000000 0.861913 1757226996.306982
-0.842396 -0.789370 0.750000 0.000000 -0.000000 0.861913 1757226997.328144
-0.749091 -0.561314 0.750000 0.000000 -0.000000 1.260779 1757226998.338475
-0.686448 -0.233367 0.750000 0.000000 -0.000000 1.434827 1757226999.348520
-0.676219 -0.153319 0.750000 0.000000 -0.000000 1.458171 1757227000.344182
-0.676219 -0.153319 0.750000 0.000000 -0.000000 1.459402 1757227001.306988
-0.676219 -0.153319 0.750000 0.000000 -0.000000 1.459451 1757227002.348286
-0.676219 -0.153319 0.750000 0.000000 -0.000000 1.459451 1757227003.313277
-0.676320 -0.153601 0.750000 0.000000 -0.000000 1.225711 1757227004.328386
-0.839030 -0.463952 0.750000 0.000000 -0.000000 0.948744 1757227005.363280
-1.023012 -0.701406 0.750000 0.000000 -0.000000 0.879043 1757227006.348276
-1.031732 -0.711907 0.750000 0.000000 -0.000000 0.870289 1757227007.300009
-1.031732 -0.711907 0.750000 0.000000 -0.000000 0.869893 1757227008.325016
-1.031732 -0.711907 0.750000 0.000000 -0.000000 0.869883 1757227009.341076
-1.031732 -0.711907 0.750000 0.000000 -0.000000 0.971969 1757227010.336069
-0.934952 -0.461912 0.750000 0.000000 -0.000000 1.301741 1757227011.341122
-0.880428 -0.149080 0.750000 0.000000 -0.000000 1.439923 1757227012.306125
-0.870698 -0.070330 0.750000 0.000000 -0.000000 1.460656 1757227013.309416
-0.870698 -0.070330 0.750000 0.000000 -0.000000 1.461740 1757227014.324223
-0.870698 -0.070330 0.750000 0.000000 -0.000000 1.461776 1757227015.334221
-0.870698 -0.070330 0.750000 0.000000 -0.000000 1.461776 1757227016.329221
-0.891520 -0.122417 0.750000 0.000000 -0.000000 1.172924 1757227017.324225
-1.109483 -0.499692 0.750000 0.000000 -0.000000 0.938578 1757227018.306997
-1.192406 -0.607917 0.750000 0.000000 -0.000000 0.890856 1757227019.343975
-1.192406 -0.607917 0.750000 0.000000 -0.000000 0.888037 1757227020.333988
-1.192406 -0.607917 0.750000 0.000000 -0.000000 0.887930 1757227021.344033
-1.192406 -0.607917 0.750000 0.000000 -0.000000 0.887927 1757227022.350836
-1.192406 -0.607917 0.750000 0.000000 -0.000000 1.098773 1757227023.314012
-1.062535 -0.232585 0.750000 0.000000 -0.000000 1.316633 1757227024.344035
-1.031232 -0.099734 0.750000 0.000000 -0.000000 1.366280 1757227025.303245
-1.031232 -0.099734 0.750000 0.000000 -0.000000 1.370335 1757227026.308786
-1.031232 -0.099734 0.750000 0.000000 -0.000000 1.370481 1757227027.341979
-1.031232 -0.099734 0.750000 0.000000 -0.000000 1.370484 1757227028.304917
-1.031232 -0.099734 0.750000 0.000000 -0.000000 1.370484 1757227029.347006
-1.055945 -0.148247 0.750000 0.000000 -0.000000 1.082181 1757227030.342588
-1.247710 -0.465802 0.750000 0.000000 -0.000000 0.984069 1757227031.336974
-1.271272 -0.500932 0.750000 0.000000 -0.000000 0.969782 1757227032.341975
-1.271272 -0.500932 0.750000 0.000000 -0.000000 0.969192 1757227033.326981
-1.271272 -0.500932 0.750000 0.000000 -0.000000 0.969171 1757227034.322006
-1.271272 -0.500932 0.750000 0.000000 -0.000000 0.969171 1757227035.307006
-1.271272 -0.500932 0.750000 0.000000 -0.000000 1.038273 1757227036.341959
-1.194695 -0.267513 0.750000 0.000000 -0.000000 1.279119 1757227037.332108
-1.152475 -0.120301 0.750000 0.000000 -0.000000 1.305664 1757227038.332906
-1.152475 -0.120301 0.750000 0.000000 -0.000000 1.307740 1757227039.314985
-1.152475 -0.120301 0.750000 0.000000 -0.000000 1.307820 1757227040.308972
-1.152475 -0.120301 0.750000 0.000000 -0.000000 1.307820 1757227041.328913
-1.152475 -0.120301 0.750000 0.000000 -0.000000 1.307820 1757227042.328391
-1.215563 -0.234866 0.750000 0.000000 -0.000000 1.049530 1757227043.333386
-1.324939 -0.416222 0.750000 0.000000 -0.000000 1.007315 1757227044.321972
-1.324939 -0.416222 0.750000 0.000000 -0.000000 1.002765 1757227045.339984
-1.324939 -0.416222 0.750000 0.000000 -0.000000 1.002613 1757227046.304995
-1.324939 -0.416222 0.750000 0.000000 -0.000000 1.002611 1757227047.328657
-1.324939 -0.416222 0.750000 0.000000 -0.000000 1.002611 1757227048.344995
-1.307703 -0.391669 0.750000 0.000000 -0.000000 0.945598 1757227049.334994
-0.979548 -0.004173 0.750000 0.000000 -0.000000 0.798899 1757227050.329997
-0.892722 0.082520 0.750000 0.000000 -0.000000 0.765766 1757227051.338007
-0.892722 0.082520 0.750000 0.000000 -0.000000 0.763719 1757227052.329970
-0.892722 0.082520 0.750000 0.000000 -0.000000 0.763637 1757227053.316214
-0.892722 0.082520 0.750000 0.000000 -0.000000 0.763635 1757227054.306214
-0.892722 0.082520 0.750000 0.000000 -0.000000 0.763635 1757227055.321217
-0.892722 0.082520 0.750000 0.000000 -0.000000 0.549114 1757227056.306215
-0.513050 0.244358 0.750000 0.000000 -0.000000 0.310719 1757227057.346215
-0.365266 0.287244 0.750000 0.000000 -0.000000 0.250636 1757227058.336215
-0.365266 0.287244 0.750000 0.000000 -0.000000 0.246144 1757227059.346215
-0.365266 0.287244 0.750000 0.000000 -0.000000 0.245991 1757227060.336214
-0.365266 0.287244 0.750000 0.000000 -0.000000 0.245986 1757227061.321215
-0.365266 0.287244 0.750000 0.000000 -0.000000 0.245986 1757227062.336225
-0.252050 0.297521 0.750000 0.000000 -0.000000 0.064953 1757227063.336215
-0.151511 0.302131 0.750000 0.000000 -0.000000 0.017094 1757227064.326216
-0.151511 0.302131 0.750000 0.000000 -0.000000 0.014400 1757227065.331230
-0.151511 0.302131 0.750000 0.000000 -0.000000 0.014308 1757227066.331221
-0.151511 0.302131 0.750000 0.000000 -0.000000 0.014304 1757227067.316215
-0.151511 0.302131 0.750000 0.000000 -0.000000 0.014304 1757227068.331215
-0.151511 0.302131 0.750000 0.000000 -0.000000 0.085014 1757227069.340485
-0.351455 0.262684 0.750000 0.000000 -0.000000 0.229876 1757227070.339972
-0.372616 0.257660 0.750000 0.000000 -0.000000 0.246192 1757227071.345358
-0.372616 0.257660 0.750000 0.000000 -0.000000 0.246811 1757227072.312057
-0.372616 0.257660 0.750000 0.000000 -0.000000 0.246837 1757227073.342060
-0.372616 0.257660 0.750000 0.000000 -0.000000 0.246837 1757227074.347060
-0.372616 0.257660 0.750000 0.000000 -0.000000 0.246837 1757227075.337455
-0.256270 0.269806 0.750000 0.000000 -0.000000 0.075539 1757227076.346966
-0.174212 0.274562 0.750000 0.000000 -0.000000 0.030722 1757227077.306967
-0.174212 0.274562 0.750000 0.000000 -0.000000 0.027980 1757227078.303604
-0.174212 0.274562 0.750000 0.000000 -0.000000 0.027880 1757227079.324965
-0.174212 0.274562 0.750000 0.000000 -0.000000 0.027877 1757227080.307135
-0.174212 0.274562 0.750000 0.000000 -0.000000 0.027877 1757227081.364905
-0.199595 0.270881 0.750000 0.000000 -0.000000 0.155242 1757227082.335017
-0.358163 0.240145 0.750000 0.000000 -0.000000 0.231935 1757227083.330019
-0.358163 0.240145 0.750000 0.000000 -0.000000 0.237779 1757227084.350019
-0.358163 0.240145 0.750000 0.000000 -0.000000 0.237974 1757227085.315017
-0.358163 0.240145 0.750000 0.000000 -0.000000 0.237982 1757227086.310018
-0.358163 0.240145 0.750000 0.000000 -0.000000 0.237982 1757227087.313985
-0.358163 0.240145 0.750000 0.000000 -0.000000 0.237982 1757227088.326989
-0.214416 0.254079 0.750000 0.000000 -0.000000 0.064912 1757227089.331987
-0.189711 0.255557 0.750000 0.000000 -0.000000 0.041082 1757227090.337065
-0.189711 0.255557 0.750000 0.000000 -0.000000 0.040144 1757227091.322280
-0.189711 0.255557 0.750000 0.000000 -0.000000 0.040107 1757227092.308542
-0.189711 0.255557 0.750000 0.000000 -0.000000 0.040105 1757227093.327981
-0.189711 0.255557 0.750000 0.000000 -0.000000 0.040105 1757227094.330544
-0.194117 0.256471 0.750000 0.000000 0.000000 -0.210054 1757227095.327976
-0.557920 0.386131 0.750000 0.000000 0.000000 -0.484183 1757227096.337974
-0.793118 0.520456 0.750000 0.000000 0.000000 -0.549580 1757227097.333295
-0.794653 0.521397 0.750000 0.000000 0.000000 -0.556586 1757227098.304197
-0.794653 0.521397 0.750000 0.000000 0.000000 -0.556874 1757227099.316978
-0.794653 0.521397 0.750000 0.000000 0.000000 -0.556882 1757227100.340127
-0.794653 0.521397 0.750000 0.000000 0.000000 -0.429679 1757227101.345597
-0.530102 0.459132 0.750000 0.000000 0.000000 -0.139021 1757227102.312910
-0.216785 0.435245 0.750000 0.000000 0.000000 -0.022669 1757227103.330173
-0.210786 0.435116 0.750000 0.000000 0.000000 -0.009946 1757227104.311137
-0.210786 0.435116 0.750000 0.000000 0.000000 -0.009451 1757227105.329303
-0.210786 0.435116 0.750000 0.000000 0.000000 -0.009433 1757227106.331422
-0.210786 0.435116 0.750000 0.000000 0.000000 -0.009432 1757227107.349962
-0.340401 0.474835 0.750000 0.000000 0.000000 -0.332150 1757227108.322645
-0.693364 0.644906 0.750000 0.000000 0.000000 -0.526293 1757227109.323976
-0.758439 0.683675 0.750000 0.000000 0.000000 -0.555643 1757227110.333973
-0.758439 0.683675 0.750000 0.000000 0.000000 -0.557116 1757227111.353271
-0.758439 0.683675 0.750000 0.000000 0.000000 -0.557170 1757227112.340565
-0.758439 0.683675 0.750000 0.000000 0.000000 -0.557170 1757227113.320566
-0.723988 0.673236 0.750000 0.000000 0.000000 -0.279850 1757227114.310566
-0.367690 0.588603 0.750000 0.000000 0.000000 -0.198617 1757227115.345569
-0.333849 0.581889 0.750000 0.000000 0.000000 -0.188321 1757227116.345566
-0.333849 0.581889 0.750000 0.000000 0.000000 -0.187898 1757227117.340566
-0.333849 0.581889 0.750000 0.000000 0.000000 -0.187883 1757227118.347867
-0.333849 0.581889 0.750000 0.000000 0.000000 -0.187883 1757227119.338031
-0.333849 0.581889 0.750000 0.000000 0.000000 -0.187883 1757227120.345982
-0.139214 0.583009 0.750000 0.000000 -0.000000 0.043542 1757227121.312977
0.276411 0.642130 0.750000 0.000000 -0.000000 0.229485 1757227122.327980
0.324081 0.653680 0.750000 0.000000 -0.000000 0.256116 1757227123.307979
0.324081 0.653680 0.750000 0.000000 -0.000000 0.257353 1757227124.307979
0.324081 0.653680 0.750000 0.000000 -0.000000 0.257397 1757227125.331055
0.324081 0.653680 0.750000 0.000000 -0.000000 0.257398 1757227126.341882
0.476103 0.693698 0.750000 0.000000 -0.000000 0.257397 1757227127.326885
0.564588 0.716990 0.750000 0.000000 -0.000000 0.257403 1757227128.342212
0.564588 0.716990 0.750000 0.000000 -0.000000 0.257403 1757227129.315040
0.564588 0.716990 0.750000 0.000000 -0.000000 0.257403 1757227130.332843
0.564588 0.716990 0.750000 0.000000 -0.000000 0.257403 1757227131.337846
0.564588 0.716990 0.750000 0.000000 -0.000000 0.257403 1757227132.346229
0.564588 0.716990 0.750000 0.000000 -0.000000 0.257403 1757227133.326229
0.564588 0.716990 0.750000 0.000000 -0.000000 0.257403 1757227134.321504
0.564588 0.716990 0.750000 0.000000 -0.000000 0.257403 1757227135.300934
0.564588 0.716990 0.750000 0.000000 -0.000000 0.257403 1757227136.313082
0.564588 0.716990 0.750000 0.000000 -0.000000 0.257403 1757227137.315195
0.564588 0.716990 0.750000 0.000000 -0.000000 0.257403 1757227138.337970
0.564588 0.716990 0.750000 0.000000 -0.000000 0.257403 1757227139.350137
0.564588 0.716990 0.750000 0.000000 -0.000000 0.257403 1757227140.311907
0.564588 0.716990 0.750000 0.000000 -0.000000 0.257403 1757227141.306909
0.564588 0.716990 0.750000 0.000000 -0.000000 0.257403 1757227142.321910
0.564588 0.716990 0.750000 0.000000 -0.000000 0.257403 1757227143.321909
0.564588 0.716990 0.750000 0.000000 -0.000000 0.257403 1757227144.321911
0.564588 0.716990 0.750000 0.000000 -0.000000 0.257403 1757227145.321909
0.564588 0.716990 0.750000 0.000000 -0.000000 0.257403 1757227146.304898
0.564588 0.716990 0.750000 0.000000 -0.000000 0.257403 1757227147.314988
0.564588 0.716990 0.750000 0.000000 -0.000000 0.257403 1757227148.336901
0.564588 0.716990 0.750000 0.000000 -0.000000 0.257403 1757227149.317968
0.564588 0.716990 0.750000 0.000000 -0.000000 0.257403 1757227150.320904
0.564588 0.716990 0.750000 0.000000 -0.000000 0.257403 1757227151.333982
0.564588 0.716990 0.750000 0.000000 -0.000000 0.257403 1757227152.323983
0.564588 0.716990 0.750000 0.000000 -0.000000 0.257403 1757227153.348977
0.564588 0.716990 0.750000 0.000000 -0.000000 0.257403 1757227154.312064
0.680779 0.747577 0.750000 0.000000 -0.000000 0.257403 1757227155.345967
0.957259 0.820358 0.750000 0.000000 -0.000000 0.257403 1757227156.345981
0.961321 0.821427 0.750000 0.000000 -0.000000 0.257403 1757227157.345983
0.843734 0.821548 0.750000 0.000000 0.000000 -0.019226 1757227158.305982
0.576733 0.833626 0.750000 0.000000 0.000000 -0.068743 1757227159.346154
0.576733 0.833626 0.750000 0.000000 0.000000 -0.073355 1757227160.348927
0.576733 0.833626 0.750000 0.000000 0.000000 -0.073526 1757227161.359076
0.576733 0.833626 0.750000 0.000000 0.000000 -0.073533 1757227162.342671
0.576733 0.833626 0.750000 0.000000 0.000000 -0.073533 1757227163.325053
0.637068 0.841878 0.750000 0.000000 -0.000000 0.149926 1757227164.337973
0.888634 0.887756 0.750000 0.000000 -0.000000 0.207460 1757227165.337973
0.888781 0.887787 0.750000 0.000000 -0.000000 0.213300 1757227166.337974
0.888781 0.887787 0.750000 0.000000 -0.000000 0.213497 1757227167.312977
0.888781 0.887787 0.750000 0.000000 -0.000000 0.213505 1757227168.332974
0.888781 0.887787 0.750000 0.000000 -0.000000 0.213505 1757227169.317976
0.833009 0.886140 0.750000 0.000000 -0.000000 0.014618 1757227170.313980
0.603146 0.890737 0.750000 0.000000 0.000000 -0.053512 1757227171.324415
0.603146 0.890737 0.750000 0.000000 0.000000 -0.059573 1757227172.346561
0.603146 0.890737 0.750000 0.000000 0.000000 -0.059767 1757227173.324918
0.603146 0.890737 0.750000 0.000000 0.000000 -0.059774 1757227174.337985
0.603146 0.890737 0.750000 0.000000 0.000000 -0.059774 1757227175.344997
0.635994 0.893883 0.750000 0.000000 -0.000000 0.108331 1757227176.319523
0.850685 0.925502 0.750000 0.000000 -0.000000 0.181168 1757227177.299524
0.850685 0.925502 0.750000 0.000000 -0.000000 0.188382 1757227178.318064
0.850685 0.925502 0.750000 0.000000 -0.000000 0.188660 1757227179.329829
0.850685 0.925502 0.750000 0.000000 -0.000000 0.188670 1757227180.319830
0.850685 0.925502 0.750000 0.000000 -0.000000 0.188670 1757227181.334829
0.836002 0.924804 0.750000 0.000000 -0.000000 0.037949 1757227182.349828
0.610167 0.926735 0.750000 0.000000 0.000000 -0.045848 1757227183.329829
0.610167 0.926735 0.750000 0.000000 0.000000 -0.054751 1757227184.339827
0.610167 0.926735 0.750000 0.000000 0.000000 -0.055052 1757227185.321769
0.610167 0.926735 0.750000 0.000000 0.000000 -0.055065 1757227186.323085
0.610167 0.926735 0.750000 0.000000 0.000000 -0.055065 1757227187.328748
0.611066 0.926784 0.750000 0.000000 -0.000000 0.056095 1757227188.303751
0.819816 0.951761 0.750000 0.000000 -0.000000 0.157632 1757227189.316418
0.819964 0.951784 0.750000 0.000000 -0.000000 0.167822 1757227190.337992
0.819964 0.951784 0.750000 0.000000 -0.000000 0.168162 1757227191.347992
0.819964 0.951784 0.750000 0.000000 -0.000000 0.168174 1757227192.302983
0.819964 0.951784 0.750000 0.000000 -0.000000 0.168174 1757227193.322999
0.819964 0.951784 0.750000 0.000000 -0.000000 0.101695 1757227194.335049
0.624719 0.951547 0.750000 0.000000 0.000000 -0.035297 1757227195.340048
0.618573 0.951772 0.750000 0.000000 0.000000 -0.049627 1757227196.324116
0.618573 0.951772 0.750000 0.000000 0.000000 -0.050204 1757227197.339108
0.618573 0.951772 0.750000 0.000000 0.000000 -0.050223 1757227198.315000
0.618573 0.951772 0.750000 0.000000 0.000000 -0.050224 1757227199.329990
0.618573 0.951772 0.750000 0.000000 0.000000 -0.050224 1757227200.312615
0.788076 0.978294 0.750000 0.000000 -0.000000 0.184047 1757227201.315395
0.898184 1.000610 0.750000 0.000000 -0.000000 0.222111 1757227202.345444
0.898184 1.000610 0.750000 0.000000 -0.000000 0.224132 1757227203.323968
0.898184 1.000610 0.750000 0.000000 -0.000000 0.224215 1757227204.336998
0.898184 1.000610 0.750000 0.000000 -0.000000 0.224218 1757227205.348021
0.898184 1.000610 0.750000 0.000000 -0.000000 0.243019 1757227206.318360
1.215435 1.152520 0.750000 0.000000 -0.000000 0.515030 1757227207.308357
1.407716 1.271560 0.750000 0.000000 -0.000000 0.592483 1757227208.318971
1.407716 1.271560 0.750000 0.000000 -0.000000 0.599499 1757227209.334205
1.407716 1.271560 0.750000 0.000000 -0.000000 0.599742 1757227210.350267
1.407716 1.271560 0.750000 0.000000 -0.000000 0.599750 1757227211.346511
1.407716 1.271560 0.750000 0.000000 -0.000000 0.599750 1757227212.330266
1.509540 1.369061 0.750000 0.000000 -0.000000 0.791549 1757227213.320266
1.563605 1.425280 0.750000 0.000000 -0.000000 0.827032 1757227214.320266
1.563605 1.425280 0.750000 0.000000 -0.000000 0.828868 1757227215.320268
1.563605 1.425280 0.750000 0.000000 -0.000000 0.828936 1757227216.345054
1.563605 1.425280 0.750000 0.000000 -0.000000 0.828936 1757227217.313574
1.563605 1.425280 0.750000 0.000000 -0.000000 0.828936 1757227218.312009
1.427846 1.320877 0.750000 0.000000 -0.000000 0.622906 1757227219.307012
1.381978 1.288577 0.750000 0.000000 -0.000000 0.595560 1757227220.315835
1.381978 1.288577 0.750000 0.000000 -0.000000 0.594322 1757227221.328763
1.381978 1.288577 0.750000 0.000000 -0.000000 0.594272 1757227222.323767
1.381978 1.288577 0.750000 0.000000 -0.000000 0.594272 1757227223.323766
1.381978 1.288577 0.750000 0.000000 -0.000000 0.594272 1757227224.348763
1.498665 1.396738 0.750000 0.000000 -0.000000 0.783805 1757227225.347043
1.524505 1.422870 0.750000 0.000000 -0.000000 0.810856 1757227226.307045
1.524505 1.422870 0.750000 0.000000 -0.000000 0.812092 1757227227.307049
1.524505 1.422870 0.750000 0.000000 -0.000000 0.812136 1757227228.342041
1.524505 1.422870 0.750000 0.000000 -0.000000 0.812136 1757227229.311052
1.524505 1.422870 0.750000 0.000000 -0.000000 0.812136 1757227230.336046
1.488903 1.393666 0.750000 0.000000 -0.000000 0.671935 1757227231.302312
1.363841 1.300964 0.750000 0.000000 -0.000000 0.599554 1757227232.327195
1.363841 1.300964 0.750000 0.000000 -0.000000 0.594501 1757227233.342986
1.363841 1.300964 0.750000 0.000000 -0.000000 0.594329 1757227234.307979
1.363841 1.300964 0.750000 0.000000 -0.000000 0.594324 1757227235.337016
1.363841 1.300964 0.750000 0.000000 -0.000000 0.594324 1757227236.307247
1.469570 1.397353 0.750000 0.000000 -0.000000 0.770691 1757227237.327013
1.496715 1.424088 0.750000 0.000000 -0.000000 0.796724 1757227238.322013
1.496715 1.424088 0.750000 0.000000 -0.000000 0.797827 1757227239.301850
1.496715 1.424088 0.750000 0.000000 -0.000000 0.797872 1757227240.334973
1.496715 1.424088 0.750000 0.000000 -0.000000 0.797872 1757227241.320935
1.496715 1.424088 0.750000 0.000000 -0.000000 0.797872 1757227242.330979
1.410986 1.356234 0.750000 0.000000 -0.000000 0.642259 1757227243.340236
1.363826 1.321876 0.750000 0.000000 -0.000000 0.605201 1757227244.309216
1.363826 1.321876 0.750000 0.000000 -0.000000 0.603214 1757227245.319230
1.363826 1.321876 0.750000 0.000000 -0.000000 0.603147 1757227246.319227
1.363826 1.321876 0.750000 0.000000 -0.000000 0.603147 1757227247.309982
1.363826 1.321876 0.750000 0.000000 -0.000000 0.603147 1757227248.329982
1.433751 1.383626 0.750000 0.000000 -0.000000 0.747923 1757227249.331971
1.480056 1.427875 0.750000 0.000000 -0.000000 0.790056 1757227250.311972
1.480056 1.427875 0.750000 0.000000 -0.000000 0.792157 1757227251.317208
1.480056 1.427875 0.750000 0.000000 -0.000000 0.792230 1757227252.331965
1.480056 1.427875 0.750000 0.000000 -0.000000 0.792232 1757227253.331966
1.480056 1.427875 0.750000 0.000000 -0.000000 0.792232 1757227254.297093
1.389221 1.355845 0.750000 0.000000 -0.000000 0.640102 1757227255.318969
1.361633 1.335635 0.750000 0.000000 -0.000000 0.608977 1757227256.327013
1.361633 1.335635 0.750000 0.000000 -0.000000 0.607613 1757227257.338986
1.361633 1.335635 0.750000 0.000000 -0.000000 0.607558 1757227258.321010
1.361633 1.335635 0.750000 0.000000 -0.000000 0.607558 1757227259.311013
1.361633 1.335635 0.750000 0.000000 -0.000000 0.607558 1757227260.346018
1.306892 1.309303 0.750000 0.000000 -0.000000 0.429029 1757227261.338329
0.888852 1.159880 0.750000 0.000000 -0.000000 0.264116 1757227262.346898
0.818714 1.141729 0.750000 0.000000 -0.000000 0.234445 1757227263.332378
0.818714 1.141729 0.750000 0.000000 -0.000000 0.232849 1757227264.322493
0.818714 1.141729 0.750000 0.000000 -0.000000 0.232792 1757227265.342063
0.818714 1.141729 0.750000 0.000000 -0.000000 0.232790 1757227266.339978
0.818714 1.141729 0.750000 0.000000 -0.000000 0.023734 1757227267.329980
0.505387 1.180268 0.750000 0.000000 0.000000 -0.249874 1757227268.329979
0.207699 1.269331 0.750000 0.000000 0.000000 -0.326150 1757227269.319981
0.193355 1.274207 0.750000 0.000000 0.000000 -0.336000 1757227270.320383
0.193355 1.274207 0.750000 0.000000 0.000000 -0.336380 1757227271.333967
0.193355 1.274207 0.750000 0.000000 0.000000 -0.336393 1757227272.334048
0.145757 1.300020 0.750000 0.000000 0.000000 -0.510736 1757227273.339038
-0.016332 1.397461 0.750000 0.000000 0.000000 -0.571956 1757227274.317966
-0.016332 1.397461 0.750000 0.000000 0.000000 -0.578066 1757227275.297982
-0.016332 1.397461 0.750000 0.000000 0.000000 -0.578297 1757227276.327989
-0.016332 1.397461 0.750000 0.000000 0.000000 -0.578303 1757227277.328018
-0.016332 1.397461 0.750000 0.000000 0.000000 -0.578303 1757227278.312905
-0.004399 1.391819 0.750000 0.000000 0.000000 -0.431779 1757227279.347984
0.205009 1.307659 0.750000 0.000000 0.000000 -0.342789 1757227280.317984
0.205009 1.307659 0.750000 0.000000 0.000000 -0.333416 1757227281.320900
0.205009 1.307659 0.750000 0.000000 0.000000 -0.333079 1757227282.333982
0.205009 1.307659 0.750000 0.000000 0.000000 -0.333066 1757227283.313982
0.205009 1.307659 0.750000 0.000000 0.000000 -0.333066 1757227284.338982
0.205009 1.307659 0.750000 0.000000 0.000000 -0.333066 1757227285.318982
0.086333 1.370366 0.750000 0.000000 0.000000 -0.515456 1757227286.338999
0.029326 1.403622 0.750000 0.000000 0.000000 -0.551663 1757227287.329001
0.029326 1.403622 0.750000 0.000000 0.000000 -0.553427 1757227288.329000
0.029326 1.403622 0.750000 0.000000 0.000000 -0.553487 1757227289.298998
0.029326 1.403622 0.750000 0.000000 0.000000 -0.553488 1757227290.343001
0.029326 1.403622 0.750000 0.000000 0.000000 -0.553488 1757227291.349998
0.042642 1.397397 0.750000 0.000000 0.000000 -0.427621 1757227292.349998
0.217971 1.326952 0.750000 0.000000 0.000000 -0.341260 1757227293.309998
0.217971 1.326952 0.750000 0.000000 0.000000 -0.332633 1757227294.330078
0.217971 1.326952 0.750000 0.000000 0.000000 -0.332337 1757227295.335974
0.217971 1.326952 0.750000 0.000000 0.000000 -0.332327 1757227296.305972
0.217971 1.326952 0.750000 0.000000 0.000000 -0.332327 1757227297.320901
0.217971 1.326952 0.750000 0.000000 0.000000 -0.334872 1757227298.323500
0.065939 1.406416 0.750000 0.000000 0.000000 -0.520621 1757227299.348498
0.057361 1.411358 0.750000 0.000000 0.000000 -0.538200 1757227300.309387
0.057361 1.411358 0.750000 0.000000 0.000000 -0.539014 1757227301.340942
0.057361 1.411358 0.750000 0.000000 0.000000 -0.539039 1757227302.322308
0.057361 1.411358 0.750000 0.000000 0.000000 -0.539039 1757227303.347304
0.057361 1.411358 0.750000 0.000000 0.000000 -0.511582 1757227304.347303
0.209694 1.348853 0.750000 0.000000 0.000000 -0.354595 1757227305.302306
0.222366 1.344198 0.750000 0.000000 0.000000 -0.336758 1757227306.347971
0.222366 1.344198 0.750000 0.000000 0.000000 -0.336176 1757227307.307972
0.222366 1.344198 0.750000 0.000000 0.000000 -0.336152 1757227308.322974
0.222366 1.344198 0.750000 0.000000 0.000000 -0.336152 1757227309.342973
0.222366 1.344198 0.750000 0.000000 0.000000 -0.336152 1757227310.347822
0.103955 1.404481 0.750000 0.000000 0.000000 -0.501948 1757227311.342236
0.074878 1.420711 0.750000 0.000000 0.000000 -0.528497 1757227312.331056
0.074878 1.420711 0.750000 0.000000 0.000000 -0.529629 1757227313.327567
0.074878 1.420711 0.750000 0.000000 0.000000 -0.529670 1757227314.334994
0.074878 1.420711 0.750000 0.000000 0.000000 -0.529670 1757227315.329992
0.074878 1.420711 0.750000 0.000000 0.000000 -0.529670 1757227316.339989
0.150672 1.387403 0.750000 0.000000 0.000000 -0.391084 1757227317.339991
0.222203 1.359459 0.750000 0.000000 0.000000 -0.340846 1757227318.344992
0.222203 1.359459 0.750000 0.000000 0.000000 -0.338280 1757227319.325053
0.222203 1.359459 0.750000 0.000000 0.000000 -0.338176 1757227320.330050
0.222203 1.359459 0.750000 0.000000 0.000000 -0.338173 1757227321.315054
0.222203 1.359459 0.750000 0.000000 0.000000 -0.338173 1757227322.307977
0.211241 1.364340 0.750000 0.000000 0.000000 -0.428345 1757227323.328118
0.087267 1.427566 0.750000 0.000000 0.000000 -0.518921 1757227324.323055
0.087267 1.427566 0.750000 0.000000 0.000000 -0.525322 1757227325.332899
0.087267 1.427566 0.750000 0.000000 0.000000 -0.525564 1757227326.329975
0.087267 1.427566 0.750000 0.000000 0.000000 -0.525572 1757227327.326961
0.087267 1.427566 0.750000 0.000000 0.000000 -0.525572 1757227328.327964
0.087267 1.427566 0.750000 0.000000 0.000000 -0.525572 1757227329.321989
0.206190 1.376516 0.750000 0.000000 0.000000 -0.369693 1757227330.334156
0.219636 1.371363 0.750000 0.000000 0.000000 -0.344804 1757227331.324150
0.219636 1.371363 0.750000 0.000000 0.000000 -0.343820 1757227332.359228
0.219636 1.371363 0.750000 0.000000 0.000000 -0.343789 1757227333.339161
0.219636 1.371363 0.750000 0.000000 0.000000 -0.343788 1757227334.346037
0.219636 1.371363 0.750000 0.000000 0.000000 -0.343788 1757227335.334735
0.126011 1.416823 0.750000 0.000000 0.000000 -0.483829 1757227336.344723
0.099446 1.431081 0.750000 0.000000 0.000000 -0.519036 1757227337.326974
0.099446 1.431081 0.750000 0.000000 0.000000 -0.520578 1757227338.317626
0.099446 1.431081 0.750000 0.000000 0.000000 -0.520639 1757227339.323261
0.099446 1.431081 0.750000 0.000000 0.000000 -0.520640 1757227340.339536
0.099446 1.431081 0.750000 0.000000 0.000000 -0.520640 1757227341.345118
0.118904 1.423595 0.750000 0.000000 0.000000 -0.356538 1757227342.340150
0.602261 1.300369 0.750000 0.000000 0.000000 -0.140468 1757227343.335092
0.745175 1.284123 0.750000 0.000000 0.000000 -0.080957 1757227344.350096
0.745175 1.284123 0.750000 0.000000 0.000000 -0.077030 1757227345.335093
0.745175 1.284123 0.750000 0.000000 0.000000 -0.076880 1757227346.298242
0.745175 1.284123 0.750000 0.000000 0.000000 -0.076874 1757227347.328239
0.745175 1.284123 0.750000 0.000000 -0.000000 0.113154 1757227348.329999
1.059117 1.360632 0.750000 0.000000 -0.000000 0.277978 1757227349.315000
1.178852 1.396348 0.750000 0.000000 -0.000000 0.305162 1757227350.319063
1.178852 1.396348 0.750000 0.000000 -0.000000 0.307072 1757227351.347610
1.178852 1.396348 0.750000 0.000000 -0.000000 0.307136 1757227352.317965
1.178852 1.396348 0.750000 0.000000 -0.000000 0.307138 1757227353.322962
1.178852 1.396348 0.750000 0.000000 -0.000000 0.307138 1757227354.328984
1.297150 1.451375 0.750000 0.000000 -0.000000 0.469062 1757227355.348639
1.320622 1.463459 0.750000 0.000000 -0.000000 0.497002 1757227356.341982
1.320622 1.463459 0.750000 0.000000 -0.000000 0.498087 1757227357.341982
1.320622 1.463459 0.750000 0.000000 -0.000000 0.498124 1757227358.341983
1.320622 1.463459 0.750000 0.000000 -0.000000 0.498125 1757227359.346982
1.320622 1.463459 0.750000 0.000000 -0.000000 0.498125 1757227360.339018
1.238523 1.430050 0.750000 0.000000 -0.000000 0.359928 1757227361.310066
1.176937 1.408052 0.750000 0.000000 -0.000000 0.312490 1757227362.337981
1.176937 1.408052 0.750000 0.000000 -0.000000 0.310362 1757227363.308025
1.176937 1.408052 0.750000 0.000000 -0.000000 0.310281 1757227364.337984
1.176937 1.408052 0.750000 0.000000 -0.000000 0.310279 1757227365.337997
1.176937 1.408052 0.750000 0.000000 -0.000000 0.310279 1757227366.332238
1.242939 1.436798 0.750000 0.000000 -0.000000 0.434105 1757227367.332235
1.306542 1.467889 0.750000 0.000000 -0.000000 0.491365 1757227368.337401
1.306542 1.467889 0.750000 0.000000 -0.000000 0.494101 1757227369.312999
1.306542 1.467889 0.750000 0.000000 -0.000000 0.494235 1757227370.315016
1.306542 1.467889 0.750000 0.000000 -0.000000 0.494240 1757227371.337984
1.306542 1.467889 0.750000 0.000000 -0.000000 0.494240 1757227372.328530
1.306542 1.467889 0.750000 0.000000 -0.000000 0.305744 1757227373.327583
1.145452 1.492754 0.750000 0.000000 0.000000 -0.192213 1757227374.330212
0.812146 1.607019 0.750000 0.000000 0.000000 -0.411726 1757227375.306980
0.677376 1.668650 0.750000 0.000000 0.000000 -0.449666 1757227376.346980
0.677376 1.668650 0.750000 0.000000 0.000000 -0.451869 1757227377.340993
0.677376 1.668650 0.750000 0.000000 0.000000 -0.451950 1757227378.305994
0.677376 1.668650 0.750000 0.000000 0.000000 -0.304471 1757227379.336050
0.960109 1.635918 0.750000 0.000000 0.000000 -0.004861 1757227380.339967
1.281297 1.654907 0.750000 0.000000 -0.000000 0.107536 1757227381.329973
1.307088 1.657779 0.750000 0.000000 -0.000000 0.122691 1757227382.351025
1.307088 1.657779 0.750000 0.000000 -0.000000 0.123239 1757227383.311021
1.307088 1.657779 0.750000 0.000000 -0.000000 0.123261 1757227384.307097
1.307088 1.657779 0.750000 0.000000 -0.000000 0.123262 1757227385.326018
1.063838 1.705115 0.750000 0.000000 0.000000 -0.243939 1757227386.333972
0.804133 1.782923 0.750000 0.000000 0.000000 -0.332705 1757227387.333972
0.801582 1.783806 0.750000 0.000000 0.000000 -0.342743 1757227388.298996
0.801582 1.783806 0.750000 0.000000 0.000000 -0.343156 1757227389.318974
0.801582 1.783806 0.750000 0.000000 0.000000 -0.343169 1757227390.323975
0.801582 1.783806 0.750000 0.000000 0.000000 -0.343169 1757227391.308975
0.980014 1.775891 0.750000 0.000000 0.000000 -0.014931 1757227392.315973
1.265057 1.781559 0.750000 0.000000 -0.000000 0.050853 1757227393.316898
1.267904 1.781705 0.750000 0.000000 -0.000000 0.058117 1757227394.345975
1.267904 1.781705 0.750000 0.000000 -0.000000 0.058337 1757227395.321718
1.267904 1.781705 0.750000 0.000000 -0.000000 0.058346 1757227396.326010
1.267904 1.781705 0.750000 0.000000 0.000000 -0.088436 1757227397.346009
0.985939 1.846384 0.750000 0.000000 0.000000 -0.255490 1757227398.351014
0.888490 1.872731 0.750000 0.000000 0.000000 -0.275634 1757227399.321994
0.888490 1.872731 0.750000 0.000000 0.000000 -0.276993 1757227400.303983
0.888490 1.872731 0.750000 0.000000 0.000000 -0.277054 1757227401.336016
0.888490 1.872731 0.750000 0.000000 0.000000 -0.277055 1757227402.301933
0.888490 1.872731 0.750000 0.000000 0.000000 -0.277055 1757227403.311928
1.070154 1.866539 0.750000 0.000000 0.000000 -0.008782 1757227404.316907
1.231090 1.868031 0.750000 0.000000 -0.000000 0.030426 1757227405.321928
1.231090 1.868031 0.750000 0.000000 -0.000000 0.033167 1757227406.346931
1.231090 1.868031 0.750000 0.000000 -0.000000 0.033253 1757227407.306931
1.231090 1.868031 0.750000 0.000000 -0.000000 0.033256 1757227408.341928
1.231090 1.868031 0.750000 0.000000 -0.000000 0.033256 1757227409.341934
1.093487 1.892628 0.750000 0.000000 0.000000 -0.197527 1757227410.318999
0.944329 1.925293 0.750000 0.000000 0.000000 -0.236616 1757227411.345671
0.944329 1.925293 0.750000 0.000000 0.000000 -0.239363 1757227412.334256
0.944329 1.925293 0.750000 0.000000 0.000000 -0.239461 1757227413.320613
0.944329 1.925293 0.750000 0.000000 0.000000 -0.239465 1757227414.330618
0.944329 1.925293 0.750000 0.000000 0.000000 -0.239465 1757227415.315866
0.969907 1.923383 0.750000 0.000000 0.000000 -0.062439 1757227416.318393
1.217600 1.918424 0.750000 0.000000 -0.000000 0.015515 1757227417.318398
1.217750 1.918426 0.750000 0.000000 -0.000000 0.023854 1757227418.343064
1.217750 1.918426 0.750000 0.000000 -0.000000 0.024137 1757227419.343058
1.217750 1.918426 0.750000 0.000000 -0.000000 0.024147 1757227420.338972
1.217750 1.918426 0.750000 0.000000 -0.000000 0.024147 1757227421.303070
1.217750 1.918426 0.750000 0.000000 0.000000 -0.080473 1757227422.333068
0.997175 1.955957 0.750000 0.000000 0.000000 -0.202235 1757227423.348088
0.980284 1.959460 0.750000 0.000000 0.000000 -0.215314 1757227424.308087
0.980284 1.959460 0.750000 0.000000 0.000000 -0.215890 1757227425.318086
0.980284 1.959460 0.750000 0.000000 0.000000 -0.215910 1757227426.313071
0.980284 1.959460 0.750000 0.000000 0.000000 -0.215911 1757227427.318083
0.980284 1.959460 0.750000 0.000000 0.000000 -0.159300 1757227428.308085
1.185450 1.952174 0.750000 0.000000 -0.000000 0.000407 1757227429.348089
1.205699 1.952244 0.750000 0.000000 -0.000000 0.016628 1757227430.338085
1.205699 1.952244 0.750000 0.000000 -0.000000 0.017274 1757227431.348085
1.205699 1.952244 0.750000 0.000000 -0.000000 0.017296 1757227432.328086
1.205699 1.952244 0.750000 0.000000 -0.000000 0.017297 1757227433.336917
1.205699 1.952244 0.750000 0.000000 -0.000000 0.017297 1757227434.334457
1.067385 1.971314 0.750000 0.000000 0.000000 -0.167459 1757227435.312939
1.004070 1.982801 0.750000 0.000000 0.000000 -0.201899 1757227436.339075
1.004070 1.982801 0.750000 0.000000 0.000000 -0.203428 1757227437.319078
1.004070 1.982801 0.750000 0.000000 0.000000 -0.203485 1757227438.312902
1.004070 1.982801 0.750000 0.000000 0.000000 -0.203488 1757227439.343672
1.004070 1.982801 0.750000 0.000000 0.000000 -0.203488 1757227440.303110
1.004070 1.982801 0.750000 0.000000 0.000000 -0.147168 1757227441.314551
1.190446 1.974851 0.750000 0.000000 0.000000 -0.005104 1757227442.318027
1.197946 1.974825 0.750000 0.000000 -0.000000 0.010623 1757227443.348027
1.197946 1.974825 0.750000 0.000000 -0.000000 0.011152 1757227444.318025
1.197946 1.974825 0.750000 0.000000 -0.000000 0.011173 1757227445.325988
1.197946 1.974825 0.750000 0.000000 -0.000000 0.011174 1757227446.330989
1.197946 1.974825 0.750000 0.000000 -0.000000 0.011174 1757227447.335994
1.061882 1.992586 0.750000 0.000000 0.000000 -0.162893 1757227448.346305
1.020500 1.999761 0.750000 0.000000 0.000000 -0.194258 1757227449.346307
1.020500 1.999761 0.750000 0.000000 0.000000 -0.195598 1757227450.320014
1.020500 1.999761 0.750000 0.000000 0.000000 -0.195652 1757227451.330017
1.020500 1.999761 0.750000 0.000000 0.000000 -0.195654 1757227452.310014
1.020500 1.999761 0.750000 0.000000 0.000000 -0.195654 1757227453.315018
1.154629 1.991753 0.750000 0.000000 0.000000 -0.025565 1757227454.310013
1.192573 1.991103 0.750000 0.000000 -0.000000 0.005444 1757227455.335015
1.192573 1.991103 0.750000 0.000000 -0.000000 0.006551 1757227456.335016
1.192573 1.991103 0.750000 0.000000 -0.000000 0.006590 1757227457.325013
1.192573 1.991103 0.750000 0.000000 -0.000000 0.006591 1757227458.320920
1.192573 1.991103 0.750000 0.000000 0.000000 -0.025613 1757227459.337981
1.035022 2.012170 0.750000 0.000000 0.000000 -0.171184 1757227460.304897
1.033840 2.012376 0.750000 0.000000 0.000000 -0.187469 1757227461.315190
1.033840 2.012376 0.750000 0.000000 0.000000 -0.188036 1757227462.314000
1.033840 2.012376 0.750000 0.000000 0.000000 -0.188059 1757227463.343999
1.033840 2.012376 0.750000 0.000000 0.000000 -0.188059 1757227464.336064
1.033840 2.012376 0.750000 0.000000 0.000000 -0.188059 1757227465.340342
1.174236 2.003737 0.750000 0.000000 0.000000 -0.024162 1757227466.344783
1.184733 2.003512 0.750000 0.000000 0.000000 -0.001747 1757227467.334780
1.184733 2.003512 0.750000 0.000000 0.000000 -0.000913 1757227468.322974
1.184733 2.003512 0.750000 0.000000 0.000000 -0.000878 1757227469.307976
1.184733 2.003512 0.750000 0.000000 0.000000 -0.000877 1757227470.319251
1.184733 2.003512 0.750000 0.000000 0.000000 -0.000877 1757227471.315007
1.073474 2.016572 0.750000 0.000000 0.000000 -0.150894 1757227472.310009
1.034540 2.022926 0.750000 0.000000 0.000000 -0.189563 1757227473.325007
1.034540 2.022926 0.750000 0.000000 0.000000 -0.191124 1757227474.310009
1.034540 2.022926 0.750000 0.000000 0.000000 -0.191183 1757227475.345006
1.034540 2.022926 0.750000 0.000000 0.000000 -0.191185 1757227476.320005
1.034540 2.022926 0.750000 0.000000 0.000000 -0.191185 1757227477.340010
1.104454 2.016689 0.750000 0.000000 0.000000 -0.066977 1757227478.335007
1.175771 2.013327 0.750000 0.000000 0.000000 -0.012450 1757227479.335014
1.175771 2.013327 0.750000 0.000000 0.000000 -0.009803 1757227480.340174
1.175771 2.013327 0.750000 0.000000 0.000000 -0.009710 1757227481.340008
1.175771 2.013327 0.750000 0.000000 0.000000 -0.009707 1757227482.325010
1.175771 2.013327 0.750000 0.000000 0.000000 -0.009707 1757227483.311010
1.088643 2.023649 0.750000 0.000000 0.000000 -0.144174 1757227484.316006
1.036062 2.032054 0.750000 0.000000 0.000000 -0.187384 1757227485.322367
1.036062 2.032054 0.750000 0.000000 0.000000 -0.190360 1757227486.336321
1.036062 2.032054 0.750000 0.000000 0.000000 -0.190464 1757227487.285533
1.036062 2.032054 0.750000 0.000000 0.000000 -0.190469 1757227488.306209
1.036062 2.032054 0.750000 0.000000 0.000000 -0.190469 1757227489.306210
1.069604 2.028331 0.750000 0.000000 0.000000 -0.095913 1757227490.311211
1.173786 2.021884 0.750000 0.000000 0.000000 -0.014423 1757227491.351215
1.173786 2.021884 0.750000 0.000000 0.000000 -0.010210 1757227492.348027
1.173786 2.021884 0.750000 0.000000 0.000000 -0.010041 1757227493.323027
1.173786 2.021884 0.750000 0.000000 0.000000 -0.010034 1757227494.346976
1.173786 2.021884 0.750000 0.000000 0.000000 -0.010034 1757227495.330476
1.173786 2.021884 0.750000 0.000000 0.000000 -0.010034 1757227496.320475
1.047991 2.037074 0.750000 0.000000 0.000000 -0.165845 1757227497.312956
1.047991 2.037074 0.750000 0.000000 0.000000 -0.183051 1757227498.330482
1.047991 2.037074 0.750000 0.000000 0.000000 -0.183654 1757227499.339468
1.047991 2.037074 0.750000 0.000000 0.000000 -0.183676 1757227500.340007
1.047991 2.037074 0.750000 0.000000 0.000000 -0.183677 1757227501.320913
1.047991 2.037074 0.750000 0.000000 0.000000 -0.183677 1757227502.342977
1.178734 2.027929 0.750000 0.000000 0.000000 -0.031378 1757227503.347974
1.179634 2.027901 0.750000 0.000000 0.000000 -0.012959 1757227504.337979
1.179634 2.027901 0.750000 0.000000 0.000000 -0.012291 1757227505.315878
1.179634 2.027901 0.750000 0.000000 0.000000 -0.012264 1757227506.315876
1.179634 2.027901 0.750000 0.000000 0.000000 -0.012263 1757227507.310874
1.179634 2.027901 0.750000 0.000000 0.000000 -0.012263 1757227508.315876
1.089762 2.037964 0.750000 0.000000 0.000000 -0.141411 1757227509.315887
1.050925 2.043972 0.750000 0.000000 0.000000 -0.183650 1757227510.325989
1.050925 2.043972 0.750000 0.000000 0.000000 -0.185330 1757227511.333966
1.050925 2.043972 0.750000 0.000000 0.000000 -0.185388 1757227512.343990
1.050925 2.043972 0.750000 0.000000 0.000000 -0.185391 1757227513.335033
1.050925 2.043972 0.750000 0.000000 0.000000 -0.185391 1757227514.311247
1.093907 2.039659 0.750000 0.000000 0.000000 -0.085120 1757227515.319326
1.172346 2.034744 0.750000 0.000000 0.000000 -0.025592 1757227516.334335
1.172346 2.034744 0.750000 0.000000 0.000000 -0.022649 1757227517.334330
1.172346 2.034744 0.750000 0.000000 0.000000 -0.022546 1757227518.349327
1.172346 2.034744 0.750000 0.000000 0.000000 -0.022543 1757227519.339327
