0.000000 0.000000 0.750000 0.000000 -0.000000 0.000000 1757227771.169892
0.000000 0.000000 0.750000 0.000000 -0.000000 0.000000 1757227772.174895
0.000000 0.000000 0.750000 0.000000 -0.000000 0.000000 1757227773.158008
0.000000 0.000000 0.750000 0.000000 -0.000000 0.000000 1757227774.183357
0.000000 0.000000 0.750000 0.000000 -0.000000 0.000000 1757227775.178355
0.000000 0.000000 0.750000 0.000000 -0.000000 0.000000 1757227776.198356
0.000000 0.000000 0.750000 0.000000 -0.000000 0.000000 1757227777.198355
0.000000 0.000000 0.750000 0.000000 -0.000000 0.000000 1757227778.173359
0.000000 0.000000 0.750000 0.000000 -0.000000 0.000000 1757227779.188355
0.000000 0.000000 0.750000 0.000000 -0.000000 0.000000 1757227780.195983
0.000000 0.000000 0.750000 0.000000 -0.000000 0.000000 1757227781.165984
0.000000 0.000000 0.750000 0.000000 -0.000000 0.000000 1757227782.157154
0.000000 0.000000 0.750000 0.000000 -0.000000 0.000000 1757227783.161974
0.000000 0.000000 0.750000 0.000000 -0.000000 0.192436 1757227784.151972
-0.305057 -0.091387 0.750000 0.000000 -0.000000 0.322643 1757227785.186979
-0.383904 -0.118332 0.750000 0.000000 -0.000000 0.339631 1757227786.191984
-0.383904 -0.118332 0.750000 0.000000 -0.000000 0.340501 1757227787.151980
-0.383904 -0.118332 0.750000 0.000000 -0.000000 0.340536 1757227788.158326
-0.383904 -0.118332 0.750000 0.000000 -0.000000 0.340537 1757227789.158384
-0.383904 -0.118332 0.750000 0.000000 -0.000000 0.340537 1757227790.188380
-0.427324 -0.148366 0.750000 0.000000 -0.000000 0.623511 1757227791.194979
-0.745337 -0.443060 0.750000 0.000000 -0.000000 0.852771 1757227792.164988
-0.825615 -0.538896 0.750000 0.000000 -0.000000 0.899744 1757227793.185086
-0.825615 -0.538896 0.750000 0.000000 -0.000000 0.902595 1757227794.170142
-0.825615 -0.538896 0.750000 0.000000 -0.000000 0.902699 1757227795.165142
-0.825615 -0.538896 0.750000 0.000000 -0.000000 0.902702 1757227796.175140
-0.825615 -0.538896 0.750000 0.000000 -0.000000 0.712680 1757227797.198755
-0.560517 -0.364063 0.750000 0.000000 -0.000000 0.539224 1757227798.174045
-0.431819 -0.289835 0.750000 0.000000 -0.000000 0.504286 1757227799.184046
-0.431819 -0.289835 0.750000 0.000000 -0.000000 0.501999 1757227800.194045
-0.431819 -0.289835 0.750000 0.000000 -0.000000 0.501920 1757227801.173004
-0.431819 -0.289835 0.750000 0.000000 -0.000000 0.501919 1757227802.190605
-0.431819 -0.289835 0.750000 0.000000 -0.000000 0.501919 1757227803.195613
-0.508198 -0.366384 0.750000 0.000000 -0.000000 0.806861 1757227804.200593
-0.720782 -0.603619 0.750000 0.000000 -0.000000 0.869510 1757227805.200593
-0.730639 -0.615321 0.750000 0.000000 -0.000000 0.877138 1757227806.155612
-0.730639 -0.615321 0.750000 0.000000 -0.000000 0.877469 1757227807.200612
-0.730639 -0.615321 0.750000 0.000000 -0.000000 0.877478 1757227808.203051
-0.730639 -0.615321 0.750000 0.000000 -0.000000 0.877478 1757227809.196917
-0.730639 -0.615321 0.750000 0.000000 -0.000000 0.771931 1757227810.178366
-0.522158 -0.465101 0.750000 0.000000 -0.000000 0.592170 1757227811.163365
-0.447703 -0.416026 0.750000 0.000000 -0.000000 0.568621 1757227812.148365
-0.447703 -0.416026 0.750000 0.000000 -0.000000 0.567259 1757227813.192911
-0.447703 -0.416026 0.750000 0.000000 -0.000000 0.567218 1757227814.171985
-0.447703 -0.416026 0.750000 0.000000 -0.000000 0.567218 1757227815.191138
-0.447703 -0.416026 0.750000 0.000000 -0.000000 0.567218 1757227816.166972
-0.573249 -0.545187 0.750000 0.000000 -0.000000 0.823566 1757227817.171972
-0.668173 -0.650857 0.750000 0.000000 -0.000000 0.857510 1757227818.171037
-0.668173 -0.650857 0.750000 0.000000 -0.000000 0.860044 1757227819.186042
-0.668173 -0.650857 0.750000 0.000000 -0.000000 0.860125 1757227820.196058
-0.668173 -0.650857 0.750000 0.000000 -0.000000 0.860127 1757227821.201055
-0.668173 -0.650857 0.750000 0.000000 -0.000000 0.860127 1757227822.196056
-0.664916 -0.648088 0.750000 0.000000 -0.000000 0.699329 1757227823.186053
-0.460522 -0.494217 0.750000 0.000000 -0.000000 0.611516 1757227824.176059
-0.455176 -0.490476 0.750000 0.000000 -0.000000 0.601588 1757227825.169130
-0.455176 -0.490476 0.750000 0.000000 -0.000000 0.601212 1757227826.174031
-0.455176 -0.490476 0.750000 0.000000 -0.000000 0.601200 1757227827.199036
-0.455176 -0.490476 0.750000 0.000000 -0.000000 0.601200 1757227828.158990
-0.455176 -0.490476 0.750000 0.000000 -0.000000 0.634719 1757227829.203993
-0.591490 -0.628379 0.750000 0.000000 -0.000000 0.824514 1757227830.180976
-0.626092 -0.666354 0.750000 0.000000 -0.000000 0.848095 1757227831.152962
-0.626092 -0.666354 0.750000 0.000000 -0.000000 0.849218 1757227832.167984
-0.626092 -0.666354 0.750000 0.000000 -0.000000 0.849256 1757227833.182984
-0.626092 -0.666354 0.750000 0.000000 -0.000000 0.849256 1757227834.187983
-0.626092 -0.666354 0.750000 0.000000 -0.000000 0.849256 1757227835.177991
-0.572362 -0.621070 0.750000 0.000000 -0.000000 0.682126 1757227836.197897
-0.449622 -0.527392 0.750000 0.000000 -0.000000 0.617183 1757227837.198194
-0.449622 -0.527392 0.750000 0.000000 -0.000000 0.612541 1757227838.158143
-0.449622 -0.527392 0.750000 0.000000 -0.000000 0.612347 1757227839.198143
-0.449622 -0.527392 0.750000 0.000000 -0.000000 0.612342 1757227840.159246
-0.449622 -0.527392 0.750000 0.000000 -0.000000 0.612342 1757227841.169251
-0.449622 -0.527392 0.750000 0.000000 -0.000000 0.612342 1757227842.199255
-0.437109 -0.512633 0.750000 0.000000 -0.000000 0.878069 1757227843.164912
-0.219566 -0.164962 0.750000 0.000000 -0.000000 1.145447 1757227844.172014
-0.129897 0.051137 0.750000 0.000000 -0.000000 1.208172 1757227845.198456
-0.129897 0.051137 0.750000 0.000000 -0.000000 1.213639 1757227846.199970
-0.129897 0.051137 0.750000 0.000000 -0.000000 1.213838 1757227847.199971
-0.129897 0.051137 0.750000 0.000000 -0.000000 1.213842 1757227848.189974
-0.129897 0.051137 0.750000 0.000000 -0.000000 1.320079 1757227849.171073
-0.123537 0.339567 0.750000 0.000000 -0.000000 1.665745 1757227850.166070
-0.183291 0.664264 0.750000 0.000000 -0.000000 1.796790 1757227851.196118
-0.193137 0.706173 0.750000 0.000000 -0.000000 1.812673 1757227852.196947
-0.193137 0.706173 0.750000 0.000000 -0.000000 1.813331 1757227853.156899
-0.193137 0.706173 0.750000 0.000000 -0.000000 1.813355 1757227854.171075
-0.193137 0.706173 0.750000 0.000000 -0.000000 1.813355 1757227855.166070
-0.224750 0.762987 0.750000 0.000000 -0.000000 2.100450 1757227856.199015
-0.428951 1.067419 0.750000 0.000000 -0.000000 2.211509 1757227857.169015
-0.454487 1.101329 0.750000 0.000000 -0.000000 2.227957 1757227858.140902
-0.454487 1.101329 0.750000 0.000000 -0.000000 2.228851 1757227859.189971
-0.454487 1.101329 0.750000 0.000000 -0.000000 2.228875 1757227860.187050
-0.454487 1.101329 0.750000 0.000000 -0.000000 2.228875 1757227861.172041
-0.402201 0.973957 0.750000 0.000000 -0.000000 1.942843 1757227862.182039
-0.315642 0.736671 0.750000 0.000000 -0.000000 1.900198 1757227863.172039
-0.315642 0.736671 0.750000 0.000000 -0.000000 1.895662 1757227864.174013
-0.315642 0.736671 0.750000 0.000000 -0.000000 1.895496 1757227865.190992
-0.315642 0.736671 0.750000 0.000000 -0.000000 1.895493 1757227866.185989
-0.315642 0.736671 0.750000 0.000000 -0.000000 1.895493 1757227867.190993
-0.326967 0.755590 0.750000 0.000000 -0.000000 2.122032 1757227868.185992
-0.500503 1.011815 0.750000 0.000000 -0.000000 2.198260 1757227869.190990
-0.511582 1.027035 0.750000 0.000000 -0.000000 2.207713 1757227870.185988
-0.511582 1.027035 0.750000 0.000000 -0.000000 2.208088 1757227871.176898
-0.511582 1.027035 0.750000 0.000000 -0.000000 2.208097 1757227872.195990
-0.511582 1.027035 0.750000 0.000000 -0.000000 2.208097 1757227873.192918
-0.511582 1.027035 0.750000 0.000000 -0.000000 2.208097 1757227874.176047
-0.451457 0.895549 0.750000 0.000000 -0.000000 1.976680 1757227875.176046
-0.395822 0.759087 0.750000 0.000000 -0.000000 1.935447 1757227876.216047
-0.395822 0.759087 0.750000 0.000000 -0.000000 1.933003 1757227877.160922
-0.395822 0.759087 0.750000 0.000000 -0.000000 1.932879 1757227878.185122
-0.395822 0.759087 0.750000 0.000000 -0.000000 1.932878 1757227879.190332
-0.395822 0.759087 0.750000 0.000000 -0.000000 1.932878 1757227880.155105
-0.404823 0.774588 0.750000 0.000000 -0.000000 2.106581 1757227881.187977
-0.540768 0.982240 0.750000 0.000000 -0.000000 2.184726 1757227882.167979
-0.541503 0.983282 0.750000 0.000000 -0.000000 2.193491 1757227883.177980
-0.541503 0.983282 0.750000 0.000000 -0.000000 2.193799 1757227884.197313
-0.541503 0.983282 0.750000 0.000000 -0.000000 2.193804 1757227885.172007
-0.541503 0.983282 0.750000 0.000000 -0.000000 2.193804 1757227886.162011
-0.539584 0.979630 0.750000 0.000000 -0.000000 2.049262 1757227887.152007
-0.441542 0.763922 0.750000 0.000000 -0.000000 1.963182 1757227888.162267
-0.441198 0.763090 0.750000 0.000000 -0.000000 1.954384 1757227889.187012
-0.441198 0.763090 0.750000 0.000000 -0.000000 1.954102 1757227890.182012
-0.441198 0.763090 0.750000 0.000000 -0.000000 1.954095 1757227891.167013
-0.441198 0.763090 0.750000 0.000000 -0.000000 1.954095 1757227892.162012
-0.441198 0.763090 0.750000 0.000000 -0.000000 2.029866 1757227893.191980
-0.555071 0.941423 0.750000 0.000000 -0.000000 2.176086 1757227894.191980
-0.566776 0.958223 0.750000 0.000000 -0.000000 2.192220 1757227895.152964
-0.566776 0.958223 0.750000 0.000000 -0.000000 2.192872 1757227896.181981
-0.566776 0.958223 0.750000 0.000000 -0.000000 2.192886 1757227897.181983
-0.566776 0.958223 0.750000 0.000000 -0.000000 2.192886 1757227898.182998
-0.566776 0.958223 0.750000 0.000000 -0.000000 2.192886 1757227899.178001
-0.522039 0.872029 0.750000 0.000000 -0.000000 2.025729 1757227900.163966
-0.477992 0.776888 0.750000 0.000000 -0.000000 1.973956 1757227901.193964
-0.477992 0.776888 0.750000 0.000000 -0.000000 1.971358 1757227902.162812
-0.477992 0.776888 0.750000 0.000000 -0.000000 1.971256 1757227903.156951
-0.477992 0.776888 0.750000 0.000000 -0.000000 1.971256 1757227904.199100
-0.477992 0.776888 0.750000 0.000000 -0.000000 1.971256 1757227905.194077
-0.463472 0.736522 0.750000 0.000000 -0.000000 1.902534 1757227906.179084
-0.332378 0.247625 0.750000 0.000000 -0.000000 1.766627 1757227907.169076
-0.311629 0.135684 0.750000 0.000000 -0.000000 1.736998 1757227908.159080
-0.311629 0.135684 0.750000 0.000000 -0.000000 1.735181 1757227909.199088
-0.311629 0.135684 0.750000 0.000000 -0.000000 1.735127 1757227910.204078
-0.311629 0.135684 0.750000 0.000000 -0.000000 1.735127 1757227911.159074
-0.311461 0.135030 0.750000 0.000000 -0.000000 1.823202 1757227912.159075
-0.219955 -0.140330 0.750000 0.000000 -0.000000 1.928179 1757227913.189077
-0.212406 -0.160407 0.750000 0.000000 -0.000000 1.940076 1757227914.174074
-0.212406 -0.160407 0.750000 0.000000 -0.000000 1.940534 1757227915.159078
-0.212406 -0.160407 0.750000 0.000000 -0.000000 1.940548 1757227916.151058
-0.212406 -0.160407 0.750000 0.000000 -0.000000 1.940548 1757227917.176947
-0.212406 -0.160407 0.750000 0.000000 -0.000000 1.940548 1757227918.157003
-0.025931 -0.438350 0.750000 0.000000 -0.000000 2.243117 1757227919.166184
0.185092 -0.669506 0.750000 0.000000 -0.000000 2.369334 1757227920.162159
0.193652 -0.677808 0.750000 0.000000 -0.000000 2.385036 1757227921.162156
0.193652 -0.677808 0.750000 0.000000 -0.000000 2.385639 1757227922.187153
0.193652 -0.677808 0.750000 0.000000 -0.000000 2.385653 1757227923.162160
0.193652 -0.677808 0.750000 0.000000 -0.000000 2.385653 1757227924.192154
0.403595 -0.847349 0.750000 0.000000 -0.000000 2.495710 1757227925.182161
0.495460 -0.914977 0.750000 0.000000 -0.000000 2.522181 1757227926.187152
0.495460 -0.914977 0.750000 0.000000 -0.000000 2.523755 1757227927.192152
0.495460 -0.914977 0.750000 0.000000 -0.000000 2.523803 1757227928.157153
0.495460 -0.914977 0.750000 0.000000 -0.000000 2.523803 1757227929.157153
0.495460 -0.914977 0.750000 0.000000 -0.000000 2.523803 1757227930.158969
0.560252 -0.953467 0.750000 0.000000 -0.000000 2.634470 1757227931.193967
0.585834 -0.967334 0.750000 0.000000 -0.000000 2.678630 1757227932.178984
0.585834 -0.967334 0.750000 0.000000 -0.000000 2.680619 1757227933.191108
0.585834 -0.967334 0.750000 0.000000 -0.000000 2.680681 1757227934.181114
0.585834 -0.967334 0.750000 0.000000 -0.000000 2.680681 1757227935.156108
0.585834 -0.967334 0.750000 0.000000 -0.000000 2.680681 1757227936.166109
0.585834 -0.967334 0.750000 0.000000 -0.000000 2.680681 1757227937.202153
0.511119 -0.922810 0.750000 0.000000 -0.000000 2.544955 1757227938.166108
0.511119 -0.922810 0.750000 0.000000 -0.000000 2.533822 1757227939.166108
0.511119 -0.922810 0.750000 0.000000 -0.000000 2.533415 1757227940.186108
0.511119 -0.922810 0.750000 0.000000 -0.000000 2.533408 1757227941.191108
0.511119 -0.922810 0.750000 0.000000 -0.000000 2.533408 1757227942.186109
0.511119 -0.922810 0.750000 0.000000 -0.000000 2.533408 1757227943.190347
0.531965 -0.935727 0.750000 0.000000 -0.000000 2.599631 1757227944.180350
0.593715 -0.970497 0.750000 0.000000 -0.000000 2.681323 1757227945.175348
0.593715 -0.970497 0.750000 0.000000 -0.000000 2.685412 1757227946.180352
0.593715 -0.970497 0.750000 0.000000 -0.000000 2.685560 1757227947.195350
0.593715 -0.970497 0.750000 0.000000 -0.000000 2.685560 1757227948.199788
0.593715 -0.970497 0.750000 0.000000 -0.000000 2.685560 1757227949.194812
0.593715 -0.970497 0.750000 0.000000 -0.000000 2.685560 1757227950.184812
0.516235 -0.924458 0.750000 0.000000 -0.000000 2.564618 1757227951.179784
0.516235 -0.924458 0.750000 0.000000 -0.000000 2.540355 1757227952.174815
0.516235 -0.924458 0.750000 0.000000 -0.000000 2.539458 1757227953.159789
0.516235 -0.924458 0.750000 0.000000 -0.000000 2.539428 1757227954.159790
0.516235 -0.924458 0.750000 0.000000 -0.000000 2.539428 1757227955.185049
0.516235 -0.924458 0.750000 0.000000 -0.000000 2.539428 1757227956.170048
0.516235 -0.924458 0.750000 0.000000 -0.000000 2.539428 1757227957.185586
0.598200 -0.971133 0.750000 0.000000 -0.000000 2.680312 1757227958.165628
0.598200 -0.971133 0.750000 0.000000 -0.000000 2.690515 1757227959.161426
0.598200 -0.971133 0.750000 0.000000 -0.000000 2.690891 1757227960.165361
0.598200 -0.971133 0.750000 0.000000 -0.000000 2.690897 1757227961.200913
0.598200 -0.971133 0.750000 0.000000 -0.000000 2.690897 1757227962.164101
0.598200 -0.971133 0.750000 0.000000 -0.000000 2.684187 1757227963.194104
0.519109 -0.924428 0.750000 0.000000 -0.000000 2.555392 1757227964.165986
0.519109 -0.924428 0.750000 0.000000 -0.000000 2.546524 1757227965.155988
0.519109 -0.924428 0.750000 0.000000 -0.000000 2.546189 1757227966.162971
0.519109 -0.924428 0.750000 0.000000 -0.000000 2.546182 1757227967.182975
0.519109 -0.924428 0.750000 0.000000 -0.000000 2.546182 1757227968.177654
0.519109 -0.924428 0.750000 0.000000 -0.000000 2.546182 1757227969.164988
0.587251 -0.963417 0.750000 0.000000 -0.000000 2.654224 1757227970.164988
0.599014 -0.969570 0.750000 0.000000 -0.000000 2.691008 1757227971.160913
0.599014 -0.969570 0.750000 0.000000 -0.000000 2.692415 1757227972.172908
0.599014 -0.969570 0.750000 0.000000 -0.000000 2.692459 1757227973.189996
0.599014 -0.969570 0.750000 0.000000 -0.000000 2.692459 1757227974.174994
0.599014 -0.969570 0.750000 0.000000 -0.000000 2.692459 1757227975.176898
0.560052 -0.947514 0.750000 0.000000 -0.000000 2.608234 1757227976.157988
0.523012 -0.924851 0.750000 0.000000 -0.000000 2.552452 1757227977.182983
0.523012 -0.924851 0.750000 0.000000 -0.000000 2.550273 1757227978.182981
0.523012 -0.924851 0.750000 0.000000 -0.000000 2.550201 1757227979.187990
0.523012 -0.924851 0.750000 0.000000 -0.000000 2.550201 1757227980.175488
0.523012 -0.924851 0.750000 0.000000 -0.000000 2.550201 1757227981.195706
0.586953 -0.961521 0.750000 0.000000 -0.000000 2.653350 1757227982.166004
0.603651 -0.970213 0.750000 0.000000 -0.000000 2.697633 1757227983.170987
0.603651 -0.970213 0.750000 0.000000 -0.000000 2.699284 1757227984.166054
0.603651 -0.970213 0.750000 0.000000 -0.000000 2.699344 1757227985.202580
0.603651 -0.970213 0.750000 0.000000 -0.000000 2.699344 1757227986.187580
0.603651 -0.970213 0.750000 0.000000 -0.000000 2.699344 1757227987.178004
0.603651 -0.970213 0.750000 0.000000 -0.000000 2.694255 1757227988.168004
0.523340 -0.923663 0.750000 0.000000 -0.000000 2.563126 1757227989.157969
0.523340 -0.923663 0.750000 0.000000 -0.000000 2.554626 1757227990.159966
0.523340 -0.923663 0.750000 0.000000 -0.000000 2.554293 1757227991.190755
0.523340 -0.923663 0.750000 0.000000 -0.000000 2.554288 1757227992.198033
0.523340 -0.923663 0.750000 0.000000 -0.000000 2.554288 1757227993.168030
0.523340 -0.923663 0.750000 0.000000 -0.000000 2.554288 1757227994.163023
0.598700 -0.965872 0.750000 0.000000 -0.000000 2.670972 1757227995.168030
0.598901 -0.965974 0.750000 0.000000 -0.000000 2.699904 1757227996.178966
0.598901 -0.965974 0.750000 0.000000 -0.000000 2.700920 1757227997.173975
0.598901 -0.965974 0.750000 0.000000 -0.000000 2.700951 1757227998.183968
0.598901 -0.965974 0.750000 0.000000 -0.000000 2.700951 1757227999.183965
0.598901 -0.965974 0.750000 0.000000 -0.000000 2.700951 1757228000.168966
0.549527 -0.938728 0.750000 0.000000 -0.000000 2.612534 1757228001.188806
0.527462 -0.925504 0.750000 0.000000 -0.000000 2.563976 1757228002.190662
0.527462 -0.925504 0.750000 0.000000 -0.000000 2.562135 1757228003.195661
0.527462 -0.925504 0.750000 0.000000 -0.000000 2.562081 1757228004.155662
0.527462 -0.925504 0.750000 0.000000 -0.000000 2.562081 1757228005.198188
0.527462 -0.925504 0.750000 0.000000 -0.000000 2.562081 1757228006.168189
0.527462 -0.925504 0.750000 0.000000 -0.000000 2.562081 1757228007.158249
0.608603 -0.969654 0.750000 0.000000 -0.000000 2.690353 1757228008.198231
0.608603 -0.969654 0.750000 0.000000 -0.000000 2.708012 1757228009.163229
0.608603 -0.969654 0.750000 0.000000 -0.000000 2.708745 1757228010.164905
0.608603 -0.969654 0.750000 0.000000 -0.000000 2.708765 1757228011.192978
0.608603 -0.969654 0.750000 0.000000 -0.000000 2.708765 1757228012.157979
0.608603 -0.969654 0.750000 0.000000 -0.000000 2.708765 1757228013.157978
0.817187 -1.088838 0.750000 0.000000 -0.000000 2.588763 1757228014.197976
1.130549 -1.306694 0.750000 0.000000 -0.000000 2.484457 1757228015.182976
1.161029 -1.330418 0.750000 0.000000 -0.000000 2.469273 1757228016.197976
1.161029 -1.330418 0.750000 0.000000 -0.000000 2.468656 1757228017.187976
1.161029 -1.330418 0.750000 0.000000 -0.000000 2.468641 1757228018.153344
1.161029 -1.330418 0.750000 0.000000 -0.000000 2.468641 1757228019.197981
1.161029 -1.330418 0.750000 0.000000 -0.000000 2.568706 1757228020.202955
1.355356 -1.434448 0.750000 0.000000 -0.000000 2.691731 1757228021.207977
1.361979 -1.437635 0.750000 0.000000 -0.000000 2.705372 1757228022.194330
1.361979 -1.437635 0.750000 0.000000 -0.000000 2.705910 1757228023.194329
1.361979 -1.437635 0.750000 0.000000 -0.000000 2.705925 1757228024.183852
1.361979 -1.437635 0.750000 0.000000 -0.000000 2.705925 1757228025.178854
1.361979 -1.437635 0.750000 0.000000 -0.000000 2.705925 1757228026.178854
1.286846 -1.390184 0.750000 0.000000 -0.000000 2.554241 1757228027.192188
1.213479 -1.339111 0.750000 0.000000 -0.000000 2.501416 1757228028.197820
1.213479 -1.339111 0.750000 0.000000 -0.000000 2.498502 1757228029.172825
1.213479 -1.339111 0.750000 0.000000 -0.000000 2.498391 1757228030.162820
1.213479 -1.339111 0.750000 0.000000 -0.000000 2.498391 1757228031.172820
1.213479 -1.339111 0.750000 0.000000 -0.000000 2.498391 1757228032.179397
1.213479 -1.339111 0.750000 0.000000 -0.000000 2.498391 1757228033.169397
1.315663 -1.395595 0.750000 0.000000 -0.000000 2.663937 1757228034.174400
1.372987 -1.424332 0.750000 0.000000 -0.000000 2.700904 1757228035.174400
1.372987 -1.424332 0.750000 0.000000 -0.000000 2.702695 1757228036.178157
1.372987 -1.424332 0.750000 0.000000 -0.000000 2.702758 1757228037.173128
1.372987 -1.424332 0.750000 0.000000 -0.000000 2.702758 1757228038.194979
1.372987 -1.424332 0.750000 0.000000 -0.000000 2.702758 1757228039.199988
1.372987 -1.424332 0.750000 0.000000 -0.000000 2.702758 1757228040.186041
1.260467 -1.352835 0.750000 0.000000 -0.000000 2.538942 1757228041.196378
1.242492 -1.340325 0.750000 0.000000 -0.000000 2.510892 1757228042.151382
1.242492 -1.340325 0.750000 0.000000 -0.000000 2.509719 1757228043.162238
1.242492 -1.340325 0.750000 0.000000 -0.000000 2.509680 1757228044.187240
1.242492 -1.340325 0.750000 0.000000 -0.000000 2.509680 1757228045.167241
1.242492 -1.340325 0.750000 0.000000 -0.000000 2.509680 1757228046.174036
1.254589 -1.347570 0.750000 0.000000 -0.000000 2.611319 1757228047.185417
1.380055 -1.414753 0.750000 0.000000 -0.000000 2.693204 1757228048.198981
1.380055 -1.414753 0.750000 0.000000 -0.000000 2.698480 1757228049.146971
1.380055 -1.414753 0.750000 0.000000 -0.000000 2.698704 1757228050.168104
1.380055 -1.414753 0.750000 0.000000 -0.000000 2.698706 1757228051.174977
1.380055 -1.414753 0.750000 0.000000 -0.000000 2.698706 1757228052.169974
1.380055 -1.414753 0.750000 0.000000 -0.000000 2.698706 1757228053.172027
1.282069 -1.368277 0.750000 0.000000 -0.000000 2.698706 1757228054.167813
0.857324 -1.166814 0.750000 0.000000 -0.000000 2.698706 1757228055.168992
0.782783 -1.131458 0.750000 0.000000 -0.000000 2.698718 1757228056.194770
0.782783 -1.131458 0.750000 0.000000 -0.000000 2.698718 1757228057.183991
0.782783 -1.131458 0.750000 0.000000 -0.000000 2.698718 1757228058.198995
0.782783 -1.131458 0.750000 0.000000 -0.000000 2.698718 1757228059.162089
0.782783 -1.131458 0.750000 0.000000 -0.000000 2.816986 1757228060.157090
0.500078 -1.101123 0.750000 0.000000 -0.000000 3.127718 1757228061.162094
0.199513 -1.112594 0.750000 0.000000 0.000000 -3.059026 1757228062.172447
0.193683 -1.113082 0.750000 0.000000 0.000000 -3.048138 1757228063.160990
0.193683 -1.113082 0.750000 0.000000 0.000000 -3.047715 1757228064.195988
0.193683 -1.113082 0.750000 0.000000 0.000000 -3.047709 1757228065.165993
0.193683 -1.113082 0.750000 0.000000 0.000000 -3.047709 1757228066.170989
0.124277 -1.131634 0.750000 0.000000 0.000000 -2.861456 1757228067.170988
-0.332619 -1.316840 0.750000 0.000000 0.000000 -2.648315 1757228068.165998
-0.415515 -1.363287 0.750000 0.000000 0.000000 -2.604933 1757228069.167219
-0.415515 -1.363287 0.750000 0.000000 0.000000 -2.602471 1757228070.167217
-0.415515 -1.363287 0.750000 0.000000 0.000000 -2.602388 1757228071.181043
-0.415515 -1.363287 0.750000 0.000000 0.000000 -2.602388 1757228072.191719
-0.415515 -1.363287 0.750000 0.000000 0.000000 -2.572430 1757228073.166051
-0.544128 -1.467037 0.750000 0.000000 0.000000 -2.419100 1757228074.166049
-0.544128 -1.467037 0.750000 0.000000 0.000000 -2.404771 1757228075.166045
-0.544128 -1.467037 0.750000 0.000000 0.000000 -2.404257 1757228076.171044
-0.544128 -1.467037 0.750000 0.000000 0.000000 -2.404247 1757228077.181043
-0.544128 -1.467037 0.750000 0.000000 0.000000 -2.404247 1757228078.156045
-0.544128 -1.467037 0.750000 0.000000 0.000000 -2.404247 1757228079.193963
-0.584486 -1.507273 0.750000 0.000000 0.000000 -2.303535 1757228080.163007
-0.584486 -1.507273 0.750000 0.000000 0.000000 -2.281624 1757228081.180914
-0.584486 -1.507273 0.750000 0.000000 0.000000 -2.280832 1757228082.159968
-0.584486 -1.507273 0.750000 0.000000 0.000000 -2.280805 1757228083.194966
-0.584486 -1.507273 0.750000 0.000000 0.000000 -2.280805 1757228084.154965
-0.584486 -1.507273 0.750000 0.000000 0.000000 -2.280805 1757228085.184004
-0.584486 -1.507273 0.750000 0.000000 0.000000 -2.280805 1757228086.170060
-0.584486 -1.507273 0.750000 0.000000 0.000000 -2.280805 1757228087.197843
-0.584486 -1.507273 0.750000 0.000000 0.000000 -2.280805 1757228088.167990
-0.584486 -1.507273 0.750000 0.000000 0.000000 -2.280805 1757228089.192951
-0.584486 -1.507273 0.750000 0.000000 0.000000 -2.280805 1757228090.198068
-0.584486 -1.507273 0.750000 0.000000 0.000000 -2.280805 1757228091.188071
-0.584486 -1.507273 0.750000 0.000000 0.000000 -2.280805 1757228092.188070
-0.584486 -1.507273 0.750000 0.000000 0.000000 -2.280805 1757228093.158067
-0.584486 -1.507273 0.750000 0.000000 0.000000 -2.280805 1757228094.198068
-0.584486 -1.507273 0.750000 0.000000 0.000000 -2.280805 1757228095.183086
-0.584486 -1.507273 0.750000 0.000000 0.000000 -2.280805 1757228096.168071
-0.584486 -1.507273 0.750000 0.000000 0.000000 -2.280805 1757228097.178773
-0.584486 -1.507273 0.750000 0.000000 0.000000 -2.280805 1757228098.163778
-0.584486 -1.507273 0.750000 0.000000 0.000000 -2.280805 1757228099.153776
-0.584486 -1.507273 0.750000 0.000000 0.000000 -2.280805 1757228100.178773
-0.584486 -1.507273 0.750000 0.000000 0.000000 -2.280805 1757228101.200225
-0.584486 -1.507273 0.750000 0.000000 0.000000 -2.280805 1757228102.184396
-0.584486 -1.507273 0.750000 0.000000 0.000000 -2.280805 1757228103.149333
-0.584486 -1.507273 0.750000 0.000000 0.000000 -2.280805 1757228104.171447
-0.584486 -1.507273 0.750000 0.000000 0.000000 -2.280805 1757228105.155994
-0.584486 -1.507273 0.750000 0.000000 0.000000 -2.280805 1757228106.175995
-0.584486 -1.507273 0.750000 0.000000 0.000000 -2.280805 1757228107.180994
-0.584486 -1.507273 0.750000 0.000000 0.000000 -2.280805 1757228108.159981
-0.584486 -1.507273 0.750000 0.000000 0.000000 -2.280805 1757228109.197047
-0.584486 -1.507273 0.750000 0.000000 0.000000 -2.280805 1757228110.181984
-0.584486 -1.507273 0.750000 0.000000 0.000000 -2.280805 1757228111.176981
-0.584486 -1.507273 0.750000 0.000000 0.000000 -2.280805 1757228112.171983
-0.584486 -1.507273 0.750000 0.000000 0.000000 -2.280805 1757228113.166987
-0.584486 -1.507273 0.750000 0.000000 0.000000 -2.280805 1757228114.161983
-0.584486 -1.507273 0.750000 0.000000 0.000000 -2.280805 1757228115.161982
-0.584486 -1.507273 0.750000 0.000000 0.000000 -2.280805 1757228116.166990
-0.584486 -1.507273 0.750000 0.000000 0.000000 -2.280805 1757228117.184112
-0.584486 -1.507273 0.750000 0.000000 0.000000 -2.280805 1757228118.186081
-0.584486 -1.507273 0.750000 0.000000 0.000000 -2.280805 1757228119.193084
-0.584486 -1.507273 0.750000 0.000000 0.000000 -2.280805 1757228120.198090
-0.584486 -1.507273 0.750000 0.000000 0.000000 -2.280805 1757228121.163085
-0.584486 -1.507273 0.750000 0.000000 0.000000 -2.280805 1757228122.188087
-0.584486 -1.507273 0.750000 0.000000 0.000000 -2.280805 1757228123.188089
-0.584486 -1.507273 0.750000 0.000000 0.000000 -2.280805 1757228124.178086
-0.584486 -1.507273 0.750000 0.000000 0.000000 -2.280805 1757228125.184075
-0.584486 -1.507273 0.750000 0.000000 0.000000 -2.280805 1757228126.184074
-0.584486 -1.507273 0.750000 0.000000 0.000000 -2.280805 1757228127.193541
-0.584486 -1.507273 0.750000 0.000000 0.000000 -2.280805 1757228128.173547
-0.584486 -1.507273 0.750000 0.000000 0.000000 -2.280805 1757228129.177839
-0.584486 -1.507273 0.750000 0.000000 0.000000 -2.280805 1757228130.168024
-0.584486 -1.507273 0.750000 0.000000 0.000000 -2.280805 1757228131.158028
-0.584486 -1.507273 0.750000 0.000000 0.000000 -2.280805 1757228132.170002
-0.584486 -1.507273 0.750000 0.000000 0.000000 -2.280805 1757228133.169058
-0.584486 -1.507273 0.750000 0.000000 0.000000 -2.280805 1757228134.195982
-0.584486 -1.507273 0.750000 0.000000 0.000000 -2.280805 1757228135.165981
-0.584486 -1.507273 0.750000 0.000000 0.000000 -2.280805 1757228136.170983
-0.584486 -1.507273 0.750000 0.000000 0.000000 -2.280805 1757228137.185983
-0.584486 -1.507273 0.750000 0.000000 0.000000 -2.280805 1757228138.187999
-0.584486 -1.507273 0.750000 0.000000 0.000000 -2.280805 1757228139.200911
-0.584486 -1.507273 0.750000 0.000000 0.000000 -2.280805 1757228140.201344
-0.584486 -1.507273 0.750000 0.000000 0.000000 -2.280805 1757228141.186349
-0.584486 -1.507273 0.750000 0.000000 0.000000 -2.280805 1757228142.189988
-0.584486 -1.507273 0.750000 0.000000 0.000000 -2.280805 1757228143.160072
-0.584486 -1.507273 0.750000 0.000000 0.000000 -2.280805 1757228144.161032
-0.584486 -1.507273 0.750000 0.000000 0.000000 -2.280805 1757228145.196075
-0.584486 -1.507273 0.750000 0.000000 0.000000 -2.280805 1757228146.186071
-0.685049 -1.624268 0.750000 0.000000 0.000000 -2.280805 1757228147.197981
-0.848530 -1.814464 0.750000 0.000000 0.000000 -2.280805 1757228148.158981
-0.849606 -1.815715 0.750000 0.000000 0.000000 -2.280805 1757228149.163996
-0.634939 -1.565970 0.750000 0.000000 0.000000 -2.280805 1757228150.163990
-0.424915 -1.321626 0.750000 0.000000 0.000000 -2.280807 1757228151.193989
-0.421298 -1.317417 0.750000 0.000000 0.000000 -2.280807 1757228152.168990
-0.421298 -1.317417 0.750000 0.000000 0.000000 -2.280807 1757228153.174032
-0.421298 -1.317417 0.750000 0.000000 0.000000 -2.280807 1757228154.199037
-0.421298 -1.317417 0.750000 0.000000 0.000000 -2.280807 1757228155.160684
-0.421298 -1.317417 0.750000 0.000000 0.000000 -2.280807 1757228156.165965
-0.175781 -1.031783 0.750000 0.000000 0.000000 -2.280807 1757228157.170963
0.006033 -0.820259 0.750000 0.000000 0.000000 -2.280807 1757228158.198363
0.006473 -0.819747 0.750000 0.000000 0.000000 -2.280807 1757228159.152022
0.006473 -0.819747 0.750000 0.000000 0.000000 -2.280807 1757228160.172978
0.006473 -0.819747 0.750000 0.000000 0.000000 -2.280807 1757228161.192965
0.006473 -0.819747 0.750000 0.000000 0.000000 -2.280807 1757228162.200155
0.006473 -0.819747 0.750000 0.000000 0.000000 -2.354002 1757228163.195154
0.203700 -0.649132 0.750000 0.000000 0.000000 -2.463155 1757228164.167103
0.234463 -0.624555 0.750000 0.000000 0.000000 -2.478929 1757228165.167122
0.234463 -0.624555 0.750000 0.000000 0.000000 -2.479609 1757228166.182133
0.234463 -0.624555 0.750000 0.000000 0.000000 -2.479626 1757228167.183765
0.234463 -0.624555 0.750000 0.000000 0.000000 -2.479626 1757228168.198767
0.234463 -0.624555 0.750000 0.000000 0.000000 -2.479626 1757228169.192013
0.300829 -0.580272 0.750000 0.000000 0.000000 -2.600290 1757228170.194648
0.300829 -0.580272 0.750000 0.000000 0.000000 -2.617238 1757228171.161180
0.300829 -0.580272 0.750000 0.000000 0.000000 -2.617929 1757228172.190978
0.300829 -0.580272 0.750000 0.000000 0.000000 -2.617945 1757228173.176347
0.300829 -0.580272 0.750000 0.000000 0.000000 -2.617945 1757228174.172525
0.300829 -0.580272 0.750000 0.000000 0.000000 -2.617945 1757228175.170270
0.300829 -0.580272 0.750000 0.000000 0.000000 -2.617945 1757228176.202382
0.355347 -0.552491 0.750000 0.000000 0.000000 -2.723565 1757228177.190984
0.355347 -0.552491 0.750000 0.000000 0.000000 -2.740398 1757228178.195989
0.355347 -0.552491 0.750000 0.000000 0.000000 -2.740997 1757228179.179986
0.355347 -0.552491 0.750000 0.000000 0.000000 -2.741014 1757228180.170021
0.355347 -0.552491 0.750000 0.000000 0.000000 -2.741014 1757228181.169976
0.355347 -0.552491 0.750000 0.000000 0.000000 -2.741014 1757228182.169977
0.355347 -0.552491 0.750000 0.000000 0.000000 -2.741014 1757228183.169966
0.294126 -0.582619 0.750000 0.000000 0.000000 -2.621090 1757228184.203583
0.294126 -0.582619 0.750000 0.000000 0.000000 -2.610371 1757228185.160042
0.294126 -0.582619 0.750000 0.000000 0.000000 -2.609840 1757228186.175992
0.294126 -0.582619 0.750000 0.000000 0.000000 -2.609827 1757228187.166649
0.294126 -0.582619 0.750000 0.000000 0.000000 -2.609827 1757228188.196662
0.294126 -0.582619 0.750000 0.000000 0.000000 -2.609827 1757228189.186661
0.341372 -0.557591 0.750000 0.000000 0.000000 -2.685361 1757228190.199681
0.346634 -0.555036 0.750000 0.000000 0.000000 -2.732380 1757228191.194837
0.346634 -0.555036 0.750000 0.000000 0.000000 -2.734155 1757228192.190030
0.346634 -0.555036 0.750000 0.000000 0.000000 -2.734218 1757228193.190058
0.346634 -0.555036 0.750000 0.000000 0.000000 -2.734218 1757228194.200061
0.346634 -0.555036 0.750000 0.000000 0.000000 -2.734218 1757228195.163148
0.346634 -0.555036 0.750000 0.000000 0.000000 -2.734218 1757228196.178150
0.217024 -0.665445 0.750000 0.000000 0.000000 -2.391272 1757228197.198150
-0.007135 -0.944479 0.750000 0.000000 0.000000 -2.179300 1757228198.198158
-0.082076 -1.055318 0.750000 0.000000 0.000000 -2.147706 1757228199.227244
-0.082076 -1.055318 0.750000 0.000000 0.000000 -2.145739 1757228200.200989
-0.082076 -1.055318 0.750000 0.000000 0.000000 -2.145656 1757228201.160986
-0.082076 -1.055318 0.750000 0.000000 0.000000 -2.145656 1757228202.165991
-0.086956 -1.069897 0.750000 0.000000 0.000000 -1.884277 1757228203.175996
-0.158260 -1.439095 0.750000 0.000000 0.000000 -1.620962 1757228204.155955
-0.161976 -1.711641 0.750000 0.000000 0.000000 -1.551890 1757228205.185956
-0.161976 -1.711641 0.750000 0.000000 0.000000 -1.545147 1757228206.190953
-0.161976 -1.711641 0.750000 0.000000 0.000000 -1.544905 1757228207.165955
-0.161976 -1.711641 0.750000 0.000000 0.000000 -1.544898 1757228208.181972
-0.161976 -1.711641 0.750000 0.000000 0.000000 -1.544898 1757228209.186979
-0.144549 -1.835484 0.750000 0.000000 0.000000 -1.392434 1757228210.168993
-0.142516 -1.846549 0.750000 0.000000 0.000000 -1.367615 1757228211.173989
-0.142516 -1.846549 0.750000 0.000000 0.000000 -1.366691 1757228212.178989
-0.142516 -1.846549 0.750000 0.000000 0.000000 -1.366661 1757228213.186015
-0.142516 -1.846549 0.750000 0.000000 0.000000 -1.366661 1757228214.186003
-0.142516 -1.846549 0.750000 0.000000 0.000000 -1.366661 1757228215.180992
-0.142516 -1.846549 0.750000 0.000000 0.000000 -1.366661 1757228216.165991
-0.127317 -1.904579 0.750000 0.000000 0.000000 -1.254744 1757228217.195989
-0.127317 -1.904579 0.750000 0.000000 0.000000 -1.244677 1757228218.202413
-0.127317 -1.904579 0.750000 0.000000 0.000000 -1.244325 1757228219.192904
-0.127317 -1.904579 0.750000 0.000000 0.000000 -1.244314 1757228220.166008
-0.127317 -1.904579 0.750000 0.000000 0.000000 -1.244314 1757228221.137498
-0.127317 -1.904579 0.750000 0.000000 0.000000 -1.244314 1757228222.157501
-0.127317 -1.904579 0.750000 0.000000 0.000000 -1.244314 1757228223.192475
-0.127317 -1.904579 0.750000 0.000000 0.000000 -1.078374 1757228224.186995
-0.127317 -1.904579 0.750000 0.000000 0.000000 -1.070089 1757228225.181994
-0.127317 -1.904579 0.750000 0.000000 0.000000 -1.069792 1757228226.191995
-0.127317 -1.904579 0.750000 0.000000 0.000000 -1.069785 1757228227.161996
-0.127317 -1.904579 0.750000 0.000000 0.000000 -1.069785 1757228228.170049
-0.127317 -1.904579 0.750000 0.000000 0.000000 -1.069785 1757228229.190046
-0.127317 -1.904579 0.750000 0.000000 0.000000 -1.069785 1757228230.185042
-0.127317 -1.904579 0.750000 0.000000 0.000000 -1.069785 1757228231.180040
-0.127317 -1.904579 0.750000 0.000000 0.000000 -1.069785 1757228232.180027
-0.127317 -1.904579 0.750000 0.000000 0.000000 -1.069785 1757228233.180063
-0.127317 -1.904579 0.750000 0.000000 0.000000 -1.069785 1757228234.187993
-0.127317 -1.904579 0.750000 0.000000 0.000000 -1.069785 1757228235.192994
-0.127317 -1.904579 0.750000 0.000000 0.000000 -1.069785 1757228236.200999
-0.127317 -1.904579 0.750000 0.000000 0.000000 -1.069785 1757228237.167989
-0.127317 -1.904579 0.750000 0.000000 0.000000 -1.069785 1757228238.171977
-0.127317 -1.904579 0.750000 0.000000 0.000000 -1.069785 1757228239.167017
-0.127317 -1.904579 0.750000 0.000000 0.000000 -1.069785 1757228240.188993
-0.127317 -1.904579 0.750000 0.000000 0.000000 -1.069785 1757228241.176057
-0.127317 -1.904579 0.750000 0.000000 0.000000 -1.069785 1757228242.181056
-0.127317 -1.904579 0.750000 0.000000 0.000000 -1.069785 1757228243.196057
-0.127317 -1.904579 0.750000 0.000000 0.000000 -1.069785 1757228244.181062
-0.127317 -1.904579 0.750000 0.000000 0.000000 -1.069785 1757228245.197871
-0.127317 -1.904579 0.750000 0.000000 0.000000 -1.069785 1757228246.200929
-0.127317 -1.904579 0.750000 0.000000 0.000000 -1.069785 1757228247.170986
-0.127317 -1.904579 0.750000 0.000000 0.000000 -1.069785 1757228248.170982
-0.127317 -1.904579 0.750000 0.000000 0.000000 -1.069785 1757228249.197995
-0.127317 -1.904579 0.750000 0.000000 0.000000 -1.069785 1757228250.197994
-0.127317 -1.904579 0.750000 0.000000 0.000000 -1.069785 1757228251.187991
-0.127317 -1.904579 0.750000 0.000000 0.000000 -1.069785 1757228252.198645
-0.127317 -1.904579 0.750000 0.000000 0.000000 -1.069785 1757228253.183642
-0.127317 -1.904579 0.750000 0.000000 0.000000 -1.069785 1757228254.178645
-0.127317 -1.904579 0.750000 0.000000 0.000000 -1.069785 1757228255.163644
-0.127317 -1.904579 0.750000 0.000000 0.000000 -1.069785 1757228256.180000
-0.127317 -1.904579 0.750000 0.000000 0.000000 -1.069785 1757228257.169999
-0.127317 -1.904579 0.750000 0.000000 0.000000 -1.069785 1757228258.172932
-0.127317 -1.904579 0.750000 0.000000 0.000000 -1.069785 1757228259.162054
-0.127317 -1.904579 0.750000 0.000000 0.000000 -1.069785 1757228260.198056
-0.127317 -1.904579 0.750000 0.000000 0.000000 -1.069785 1757228261.187053
-0.127317 -1.904579 0.750000 0.000000 0.000000 -1.069785 1757228262.187052
-0.127317 -1.904579 0.750000 0.000000 0.000000 -1.069785 1757228263.162069
-0.127317 -1.904579 0.750000 0.000000 0.000000 -1.069785 1757228264.182053
-0.127317 -1.904579 0.750000 0.000000 0.000000 -1.069785 1757228265.182058
-0.127317 -1.904579 0.750000 0.000000 0.000000 -1.069785 1757228266.174461
-0.127317 -1.904579 0.750000 0.000000 0.000000 -1.069785 1757228267.156916
-0.127317 -1.904579 0.750000 0.000000 0.000000 -1.069785 1757228268.175842
-0.127317 -1.904579 0.750000 0.000000 0.000000 -1.069785 1757228269.185842
-0.127317 -1.904579 0.750000 0.000000 0.000000 -1.069785 1757228270.185841
-0.127317 -1.904579 0.750000 0.000000 0.000000 -1.069785 1757228271.166278
-0.127317 -1.904579 0.750000 0.000000 0.000000 -1.069785 1757228272.166278
-0.127317 -1.904579 0.750000 0.000000 0.000000 -1.069785 1757228273.156278
-0.127317 -1.904579 0.750000 0.000000 0.000000 -1.069785 1757228274.191282
-0.127317 -1.904579 0.750000 0.000000 0.000000 -1.069785 1757228275.196278
-0.006818 -2.124620 0.750000 0.000000 0.000000 -1.069785 1757228276.171289
0.068579 -2.262301 0.750000 0.000000 0.000000 -1.069790 1757228277.166280
0.223432 -2.409228 0.750000 0.000000 0.000000 -0.691378 1757228278.186277
0.520859 -2.607046 0.750000 0.000000 0.000000 -0.525107 1757228279.200818
0.569544 -2.634770 0.750000 0.000000 0.000000 -0.502162 1757228280.190819
0.569544 -2.634770 0.750000 0.000000 0.000000 -0.501089 1757228281.179122
0.569544 -2.634770 0.750000 0.000000 0.000000 -0.501047 1757228282.184116
0.569544 -2.634770 0.750000 0.000000 0.000000 -0.501047 1757228283.162799
0.569544 -2.634770 0.750000 0.000000 0.000000 -0.501047 1757228284.162803
0.742726 -2.817265 0.750000 0.000000 0.000000 -0.854629 1757228285.182799
0.888433 -2.995889 0.750000 0.000000 0.000000 -0.916831 1757228286.182801
0.888433 -2.995889 0.750000 0.000000 0.000000 -0.923078 1757228287.187797
0.888433 -2.995889 0.750000 0.000000 0.000000 -0.923314 1757228288.202798
0.888433 -2.995889 0.750000 0.000000 0.000000 -0.923321 1757228289.167797
0.888433 -2.995889 0.750000 0.000000 0.000000 -0.923321 1757228290.162799
0.888433 -2.995889 0.750000 0.000000 0.000000 -0.775696 1757228291.162798
0.670428 -2.821643 0.750000 0.000000 0.000000 -0.641969 1757228292.209384
0.629857 -2.791614 0.750000 0.000000 0.000000 -0.626663 1757228293.214384
0.629857 -2.791614 0.750000 0.000000 0.000000 -0.626007 1757228294.184384
0.629857 -2.791614 0.750000 0.000000 0.000000 -0.625981 1757228295.196898
0.629857 -2.791614 0.750000 0.000000 0.000000 -0.625981 1757228296.176517
0.629857 -2.791614 0.750000 0.000000 0.000000 -0.625981 1757228297.196518
0.756854 -2.941231 0.750000 0.000000 0.000000 -0.890069 1757228298.202325
0.838760 -3.045028 0.750000 0.000000 0.000000 -0.918207 1757228299.166525
0.838760 -3.045028 0.750000 0.000000 0.000000 -0.920239 1757228300.163025
0.838760 -3.045028 0.750000 0.000000 0.000000 -0.920313 1757228301.192439
0.838760 -3.045028 0.750000 0.000000 0.000000 -0.920315 1757228302.182444
0.838760 -3.045028 0.750000 0.000000 0.000000 -0.920315 1757228303.161064
0.838760 -3.045028 0.750000 0.000000 0.000000 -0.876045 1757228304.169978
0.679334 -2.905665 0.750000 0.000000 0.000000 -0.686098 1757228305.179981
0.639012 -2.873108 0.750000 0.000000 0.000000 -0.664749 1757228306.179980
0.639012 -2.873108 0.750000 0.000000 0.000000 -0.663825 1757228307.154981
0.639012 -2.873108 0.750000 0.000000 0.000000 -0.663790 1757228308.151987
0.639012 -2.873108 0.750000 0.000000 0.000000 -0.663790 1757228309.171985
0.639012 -2.873108 0.750000 0.000000 0.000000 -0.663790 1757228310.191986
0.749508 -3.000707 0.750000 0.000000 0.000000 -0.886432 1757228311.191986
0.807997 -3.074450 0.750000 0.000000 0.000000 -0.920489 1757228312.171987
0.807997 -3.074450 0.750000 0.000000 0.000000 -0.922466 1757228313.164992
0.807997 -3.074450 0.750000 0.000000 0.000000 -0.922539 1757228314.185973
0.807997 -3.074450 0.750000 0.000000 0.000000 -0.922540 1757228315.190975
0.807997 -3.074450 0.750000 0.000000 0.000000 -0.922540 1757228316.193982
0.807997 -3.074450 0.750000 0.000000 0.000000 -0.853984 1757228317.164902
0.653828 -2.932741 0.750000 0.000000 0.000000 -0.703326 1757228318.191046
0.643567 -2.924084 0.750000 0.000000 0.000000 -0.686296 1757228319.198174
0.643567 -2.924084 0.750000 0.000000 0.000000 -0.685676 1757228320.158740
0.643567 -2.924084 0.750000 0.000000 0.000000 -0.685652 1757228321.158736
0.643567 -2.924084 0.750000 0.000000 0.000000 -0.685652 1757228322.178739
0.643567 -2.924084 0.750000 0.000000 0.000000 -0.685652 1757228323.188738
0.643635 -2.924116 0.750000 0.000000 0.000000 -0.451471 1757228324.183743
0.934118 -3.024064 0.750000 0.000000 0.000000 -0.188023 1757228325.153736
1.268920 -3.072724 0.750000 0.000000 0.000000 -0.109662 1757228326.183740
1.289277 -3.074928 0.750000 0.000000 0.000000 -0.100331 1757228327.173736
1.289277 -3.074928 0.750000 0.000000 0.000000 -0.099969 1757228328.179001
1.289277 -3.074928 0.750000 0.000000 0.000000 -0.099957 1757228329.154019
1.289277 -3.074928 0.750000 0.000000 0.000000 -0.099956 1757228330.164024
1.137947 -3.011012 0.750000 0.000000 0.000000 -0.440138 1757228331.174019
0.822374 -2.819989 0.750000 0.000000 0.000000 -0.611892 1757228332.164022
0.773971 -2.785429 0.750000 0.000000 0.000000 -0.636502 1757228333.164023
0.773971 -2.785429 0.750000 0.000000 0.000000 -0.637607 1757228334.190459
0.773971 -2.785429 0.750000 0.000000 0.000000 -0.637642 1757228335.199019
0.773971 -2.785429 0.750000 0.000000 0.000000 -0.637642 1757228336.194019
0.773971 -2.785429 0.750000 0.000000 0.000000 -0.628170 1757228337.188991
1.004498 -2.862885 0.750000 0.000000 0.000000 -0.279770 1757228338.179005
1.248476 -2.923310 0.750000 0.000000 0.000000 -0.207941 1757228339.194019
1.248476 -2.923310 0.750000 0.000000 0.000000 -0.201325 1757228340.179752
1.248476 -2.923310 0.750000 0.000000 0.000000 -0.201083 1757228341.184022
1.248476 -2.923310 0.750000 0.000000 0.000000 -0.201076 1757228342.194260
1.248476 -2.923310 0.750000 0.000000 0.000000 -0.201076 1757228343.199012
1.143845 -2.868521 0.750000 0.000000 0.000000 -0.503568 1757228344.186715
0.883477 -2.713930 0.750000 0.000000 0.000000 -0.564429 1757228345.189338
0.872143 -2.706735 0.750000 0.000000 0.000000 -0.572411 1757228346.189999
0.872143 -2.706735 0.750000 0.000000 0.000000 -0.572699 1757228347.170991
0.872143 -2.706735 0.750000 0.000000 0.000000 -0.572709 1757228348.173976
0.872143 -2.706735 0.750000 0.000000 0.000000 -0.572709 1757228349.186660
0.872143 -2.706735 0.750000 0.000000 0.000000 -0.501756 1757228350.166655
1.100197 -2.777689 0.750000 0.000000 0.000000 -0.276407 1757228351.161660
1.233609 -2.813838 0.750000 0.000000 0.000000 -0.250002 1757228352.196654
1.233609 -2.813838 0.750000 0.000000 0.000000 -0.248408 1757228353.163047
1.233609 -2.813838 0.750000 0.000000 0.000000 -0.248344 1757228354.178045
1.233609 -2.813838 0.750000 0.000000 0.000000 -0.248342 1757228355.174000
1.233609 -2.813838 0.750000 0.000000 0.000000 -0.248342 1757228356.174002
1.189934 -2.792356 0.750000 0.000000 0.000000 -0.470993 1757228357.174816
0.950428 -2.659874 0.750000 0.000000 0.000000 -0.534494 1757228358.174000
0.947912 -2.658382 0.750000 0.000000 0.000000 -0.541552 1757228359.174002
0.947912 -2.658382 0.750000 0.000000 0.000000 -0.541796 1757228360.202974
0.947912 -2.658382 0.750000 0.000000 0.000000 -0.541802 1757228361.162971
0.947912 -2.658382 0.750000 0.000000 0.000000 -0.541802 1757228362.177970
0.952364 -2.660176 0.750000 0.000000 0.000000 -0.376490 1757228363.177968
1.202359 -2.742667 0.750000 0.000000 0.000000 -0.282602 1757228364.168983
1.216051 -2.746617 0.750000 0.000000 0.000000 -0.270951 1757228365.173983
1.216051 -2.746617 0.750000 0.000000 0.000000 -0.270542 1757228366.153982
1.216051 -2.746617 0.750000 0.000000 0.000000 -0.270528 1757228367.173983
1.216051 -2.746617 0.750000 0.000000 0.000000 -0.270528 1757228368.168974
1.216051 -2.746617 0.750000 0.000000 0.000000 -0.270528 1757228369.173974
1.065157 -2.671812 0.750000 0.000000 0.000000 -0.489351 1757228370.175106
0.991382 -2.631338 0.750000 0.000000 0.000000 -0.521565 1757228371.165441
0.991382 -2.631338 0.750000 0.000000 0.000000 -0.523310 1757228372.210108
0.991382 -2.631338 0.750000 0.000000 0.000000 -0.523365 1757228373.185630
0.991382 -2.631338 0.750000 0.000000 0.000000 -0.523365 1757228374.180113
0.991382 -2.631338 0.750000 0.000000 0.000000 -0.523365 1757228375.175107
1.057750 -2.656619 0.750000 0.000000 0.000000 -0.347793 1757228376.176950
1.208238 -2.706716 0.750000 0.000000 0.000000 -0.290735 1757228377.170107
1.208238 -2.706716 0.750000 0.000000 0.000000 -0.286793 1757228378.190106
1.208238 -2.706716 0.750000 0.000000 0.000000 -0.286660 1757228379.197968
1.208238 -2.706716 0.750000 0.000000 0.000000 -0.286656 1757228380.167966
1.208238 -2.706716 0.750000 0.000000 0.000000 -0.286656 1757228381.178543
1.207546 -2.706429 0.750000 0.000000 0.000000 -0.396093 1757228382.168542
1.015421 -2.610194 0.750000 0.000000 0.000000 -0.505917 1757228383.179119
1.015421 -2.610194 0.750000 0.000000 0.000000 -0.516403 1757228384.173543
1.015421 -2.610194 0.750000 0.000000 0.000000 -0.516771 1757228385.183544
1.015421 -2.610194 0.750000 0.000000 0.000000 -0.516782 1757228386.178541
1.015421 -2.610194 0.750000 0.000000 0.000000 -0.516782 1757228387.158543
1.015421 -2.610194 0.750000 0.000000 0.000000 -0.500407 1757228388.198542
1.184576 -2.672872 0.750000 0.000000 0.000000 -0.316220 1757228389.178542
1.203276 -2.678909 0.750000 0.000000 0.000000 -0.295618 1757228390.188541
1.203276 -2.678909 0.750000 0.000000 0.000000 -0.294838 1757228391.178543
1.203276 -2.678909 0.750000 0.000000 0.000000 -0.294808 1757228392.173544
1.203276 -2.678909 0.750000 0.000000 0.000000 -0.294808 1757228393.183078
1.203276 -2.678909 0.750000 0.000000 0.000000 -0.294808 1757228394.208345
1.081636 -2.621275 0.750000 0.000000 0.000000 -0.470930 1757228395.188724
1.034820 -2.596862 0.750000 0.000000 0.000000 -0.500943 1757228396.193453
1.034820 -2.596862 0.750000 0.000000 0.000000 -0.502220 1757228397.170910
1.034820 -2.596862 0.750000 0.000000 0.000000 -0.502268 1757228398.200015
1.034820 -2.596862 0.750000 0.000000 0.000000 -0.502268 1757228399.172922
1.034820 -2.596862 0.750000 0.000000 0.000000 -0.502268 1757228400.178981
1.034820 -2.596862 0.750000 0.000000 0.000000 -0.502268 1757228401.159978
0.681001 -2.345463 0.750000 0.000000 0.000000 -0.678924 1757228402.159976
0.507530 -2.197199 0.750000 0.000000 0.000000 -0.734219 1757228403.162163
0.507530 -2.197199 0.750000 0.000000 0.000000 -0.739600 1757228404.183998
0.507530 -2.197199 0.750000 0.000000 0.000000 -0.739789 1757228405.194003
0.507530 -2.197199 0.750000 0.000000 0.000000 -0.739793 1757228406.172045
0.507530 -2.197199 0.750000 0.000000 0.000000 -0.739793 1757228407.199978
0.429711 -2.099746 0.750000 0.000000 0.000000 -0.915541 1757228408.166015
0.283231 -1.898882 0.750000 0.000000 0.000000 -0.964251 1757228409.187773
0.283231 -1.898882 0.750000 0.000000 0.000000 -0.968864 1757228410.167772
0.283231 -1.898882 0.750000 0.000000 0.000000 -0.969044 1757228411.170959
0.283231 -1.898882 0.750000 0.000000 0.000000 -0.969049 1757228412.175807
0.283231 -1.898882 0.750000 0.000000 0.000000 -0.969049 1757228413.190805
0.283231 -1.898882 0.750000 0.000000 0.000000 -0.969049 1757228414.193876
0.241269 -1.827444 0.750000 0.000000 0.000000 -1.095160 1757228415.167166
0.241269 -1.827444 0.750000 0.000000 0.000000 -1.111484 1757228416.146976
0.241269 -1.827444 0.750000 0.000000 0.000000 -1.112230 1757228417.154028
0.241269 -1.827444 0.750000 0.000000 0.000000 -1.112254 1757228418.193961
0.241269 -1.827444 0.750000 0.000000 0.000000 -1.112254 1757228419.194456
0.241269 -1.827444 0.750000 0.000000 0.000000 -1.112254 1757228420.191283
0.218107 -1.774310 0.750000 0.000000 0.000000 -1.193521 1757228421.186286
0.217365 -1.772426 0.750000 0.000000 0.000000 -1.235170 1757228422.176281
0.217365 -1.772426 0.750000 0.000000 0.000000 -1.236766 1757228423.163975
0.217365 -1.772426 0.750000 0.000000 0.000000 -1.236829 1757228424.167013
0.217365 -1.772426 0.750000 0.000000 0.000000 -1.236829 1757228425.190619
0.217365 -1.772426 0.750000 0.000000 0.000000 -1.236829 1757228426.178004
0.217365 -1.772426 0.750000 0.000000 0.000000 -1.236829 1757228427.175090
0.238845 -1.825536 0.750000 0.000000 0.000000 -1.135019 1757228428.178004
0.238845 -1.825536 0.750000 0.000000 0.000000 -1.116161 1757228429.188008
0.238845 -1.825536 0.750000 0.000000 0.000000 -1.115514 1757228430.188009
0.238845 -1.825536 0.750000 0.000000 0.000000 -1.115494 1757228431.188009
0.238845 -1.825536 0.750000 0.000000 0.000000 -1.115494 1757228432.162995
0.238845 -1.825536 0.750000 0.000000 0.000000 -1.115494 1757228433.193559
0.238845 -1.825536 0.750000 0.000000 0.000000 -1.115494 1757228434.198560
0.214905 -1.769880 0.750000 0.000000 0.000000 -1.216756 1757228435.188562
0.214905 -1.769880 0.750000 0.000000 0.000000 -1.239444 1757228436.160922
0.214905 -1.769880 0.750000 0.000000 0.000000 -1.240279 1757228437.178560
0.214905 -1.769880 0.750000 0.000000 0.000000 -1.240305 1757228438.163563
0.214905 -1.769880 0.750000 0.000000 0.000000 -1.240305 1757228439.170017
0.214905 -1.769880 0.750000 0.000000 0.000000 -1.240305 1757228440.165970
0.214905 -1.769880 0.750000 0.000000 0.000000 -1.240305 1757228441.191991
0.317815 -1.947330 0.750000 0.000000 0.000000 -1.006103 1757228442.191001
0.565706 -2.266114 0.750000 0.000000 0.000000 -0.824365 1757228443.188787
0.603264 -2.305949 0.750000 0.000000 0.000000 -0.795296 1757228444.198787
0.603264 -2.305949 0.750000 0.000000 0.000000 -0.794061 1757228445.159983
0.603264 -2.305949 0.750000 0.000000 0.000000 -0.794011 1757228446.160907
0.603264 -2.305949 0.750000 0.000000 0.000000 -0.794010 1757228447.180993
0.603264 -2.305949 0.750000 0.000000 0.000000 -0.794010 1757228448.159015
0.861059 -2.474782 0.750000 0.000000 0.000000 -0.529195 1757228449.193978
1.060972 -2.583400 0.750000 0.000000 0.000000 -0.468007 1757228450.178981
1.060972 -2.583400 0.750000 0.000000 0.000000 -0.461937 1757228451.199638
1.060972 -2.583400 0.750000 0.000000 0.000000 -0.461736 1757228452.160007
1.060972 -2.583400 0.750000 0.000000 0.000000 -0.461729 1757228453.205300
1.060972 -2.583400 0.750000 0.000000 0.000000 -0.461729 1757228454.160019
1.061802 -2.583747 0.750000 0.000000 0.000000 -0.393953 1757228455.194994
1.204109 -2.632883 0.750000 0.000000 0.000000 -0.282273 1757228456.190004
1.204109 -2.632883 0.750000 0.000000 0.000000 -0.273809 1757228457.174992
1.204109 -2.632883 0.750000 0.000000 0.000000 -0.273501 1757228458.175001
1.204109 -2.632883 0.750000 0.000000 0.000000 -0.273491 1757228459.190006
1.204109 -2.632883 0.750000 0.000000 0.000000 -0.273491 1757228460.186715
1.204109 -2.632883 0.750000 0.000000 0.000000 -0.273491 1757228461.162510
1.154793 -2.613824 0.750000 0.000000 0.000000 -0.386786 1757228462.176720
1.073312 -2.578171 0.750000 0.000000 0.000000 -0.452640 1757228463.192903
1.073312 -2.578171 0.750000 0.000000 0.000000 -0.455966 1757228464.166716
1.073312 -2.578171 0.750000 0.000000 0.000000 -0.456091 1757228465.171715
1.073312 -2.578171 0.750000 0.000000 0.000000 -0.456095 1757228466.166715
1.073312 -2.578171 0.750000 0.000000 0.000000 -0.456095 1757228467.181595
1.073312 -2.578171 0.750000 0.000000 0.000000 -0.456095 1757228468.191978
1.170677 -2.612996 0.750000 0.000000 0.000000 -0.313339 1757228469.196347
1.203663 -2.623355 0.750000 0.000000 0.000000 -0.277198 1757228470.180004
1.203663 -2.623355 0.750000 0.000000 0.000000 -0.275568 1757228471.170004
1.203663 -2.623355 0.750000 0.000000 0.000000 -0.275511 1757228472.160004
1.203663 -2.623355 0.750000 0.000000 0.000000 -0.275510 1757228473.195004
1.203663 -2.623355 0.750000 0.000000 0.000000 -0.275510 1757228474.190006
1.203663 -2.623355 0.750000 0.000000 0.000000 -0.275510 1757228475.180004
1.084618 -2.574145 0.750000 0.000000 0.000000 -0.428582 1757228476.170005
1.076850 -2.570573 0.750000 0.000000 0.000000 -0.451144 1757228477.160006
1.076850 -2.570573 0.750000 0.000000 0.000000 -0.452031 1757228478.194992
1.076850 -2.570573 0.750000 0.000000 0.000000 -0.452059 1757228479.161186
1.076850 -2.570573 0.750000 0.000000 0.000000 -0.452060 1757228480.171181
1.076850 -2.570573 0.750000 0.000000 0.000000 -0.452060 1757228481.165587
1.144122 -2.595355 0.750000 0.000000 0.000000 -0.329774 1757228482.198394
1.205514 -2.615124 0.750000 0.000000 0.000000 -0.278690 1757228483.188393
1.205514 -2.615124 0.750000 0.000000 0.000000 -0.276109 1757228484.200998
1.205514 -2.615124 0.750000 0.000000 0.000000 -0.276013 1757228485.165994
1.205514 -2.615124 0.750000 0.000000 0.000000 -0.276010 1757228486.195990
1.205514 -2.615124 0.750000 0.000000 0.000000 -0.276010 1757228487.195990
1.205514 -2.615124 0.750000 0.000000 0.000000 -0.276010 1757228488.160994
1.112155 -2.577973 0.750000 0.000000 0.000000 -0.411285 1757228489.156993
1.086675 -2.566608 0.750000 0.000000 0.000000 -0.447248 1757228490.161998
1.086675 -2.566608 0.750000 0.000000 0.000000 -0.448689 1757228491.166994
1.086675 -2.566608 0.750000 0.000000 0.000000 -0.448738 1757228492.162000
1.086675 -2.566608 0.750000 0.000000 0.000000 -0.448740 1757228493.171995
1.086675 -2.566608 0.750000 0.000000 0.000000 -0.448740 1757228494.190073
0.990200 -2.513891 0.750000 0.000000 0.000000 -0.517620 1757228495.190069
0.794780 -2.395902 0.750000 0.000000 0.000000 -0.567539 1757228496.182236
0.794780 -2.395902 0.750000 0.000000 0.000000 -0.572481 1757228497.187232
0.794780 -2.395902 0.750000 0.000000 0.000000 -0.572657 1757228498.202237
0.794780 -2.395902 0.750000 0.000000 0.000000 -0.572662 1757228499.192917
0.794780 -2.395902 0.750000 0.000000 0.000000 -0.572662 1757228500.168909
0.794780 -2.395902 0.750000 0.000000 0.000000 -0.572662 1757228501.182979
0.501295 -2.160113 0.750000 0.000000 0.000000 -0.723474 1757228502.197972
0.376755 -2.046253 0.750000 0.000000 0.000000 -0.759620 1757228503.172974
0.376755 -2.046253 0.750000 0.000000 0.000000 -0.762622 1757228504.169999
0.376755 -2.046253 0.750000 0.000000 0.000000 -0.762733 1757228505.159999
0.376755 -2.046253 0.750000 0.000000 0.000000 -0.762736 1757228506.171591
0.376755 -2.046253 0.750000 0.000000 0.000000 -0.762736 1757228507.172976
0.229653 -1.905673 0.750000 0.000000 0.000000 -0.762736 1757228508.161964
0.062218 -1.745659 0.750000 0.000000 0.000000 -0.762738 1757228509.172382
0.062218 -1.745659 0.750000 0.000000 0.000000 -0.762741 1757228510.171969
0.062218 -1.745659 0.750000 0.000000 0.000000 -0.762741 1757228511.166986
0.062218 -1.745659 0.750000 0.000000 0.000000 -0.762741 1757228512.161972
