0.000000 0.000000 0.750000 0.000000 -0.000000 0.000000 1757228763.770070
0.000000 0.000000 0.750000 0.000000 -0.000000 0.000000 1757228764.810070
0.000000 0.000000 0.750000 0.000000 -0.000000 0.000000 1757228765.806053
0.000000 0.000000 0.750000 0.000000 -0.000000 0.000000 1757228766.793980
0.000000 0.000000 0.750000 0.000000 -0.000000 0.000000 1757228767.778980
0.000000 0.000000 0.750000 0.000000 -0.000000 0.000000 1757228768.778999
0.000000 0.000000 0.750000 0.000000 -0.000000 0.000000 1757228769.778960
0.000000 0.000000 0.750000 0.000000 -0.000000 0.000000 1757228770.784587
0.000000 0.000000 0.750000 0.000000 -0.000000 0.000000 1757228771.768056
0.000000 0.000000 0.750000 0.000000 -0.000000 0.000000 1757228772.760907
0.000000 0.000000 0.750000 0.000000 -0.000000 0.000000 1757228773.768074
0.000000 0.000000 0.750000 0.000000 -0.000000 0.000000 1757228774.808072
0.001458 -0.000353 0.750000 0.000000 0.000000 -0.240606 1757228775.813194
0.355548 -0.139004 0.750000 0.000000 0.000000 -0.511928 1757228776.772032
0.591773 -0.286857 0.750000 0.000000 0.000000 -0.602025 1757228777.787033
0.592144 -0.287112 0.750000 0.000000 0.000000 -0.611284 1757228778.787884
0.592144 -0.287112 0.750000 0.000000 0.000000 -0.611614 1757228779.807036
0.592144 -0.287112 0.750000 0.000000 0.000000 -0.611625 1757228780.797035
0.592144 -0.287112 0.750000 0.000000 0.000000 -0.520891 1757228781.800643
0.359700 -0.217909 0.750000 0.000000 0.000000 -0.186219 1757228782.786529
0.032956 -0.189835 0.750000 0.000000 0.000000 -0.054018 1757228783.802978
-0.056568 -0.185579 0.750000 0.000000 0.000000 -0.037217 1757228784.807980
-0.056568 -0.185579 0.750000 0.000000 0.000000 -0.036348 1757228785.784919
-0.056568 -0.185579 0.750000 0.000000 0.000000 -0.036311 1757228786.808385
-0.051294 -0.187049 0.750000 0.000000 0.000000 -0.278501 1757228787.813386
0.242135 -0.311571 0.750000 0.000000 0.000000 -0.543251 1757228788.802066
0.514014 -0.489614 0.750000 0.000000 0.000000 -0.611433 1757228789.802064
0.527755 -0.499278 0.750000 0.000000 0.000000 -0.620086 1757228790.802065
0.527755 -0.499278 0.750000 0.000000 0.000000 -0.620416 1757228791.806109
0.527755 -0.499278 0.750000 0.000000 0.000000 -0.620428 1757228792.796112
0.527755 -0.499278 0.750000 0.000000 0.000000 -0.422617 1757228793.811107
0.224016 -0.414704 0.750000 0.000000 0.000000 -0.130295 1757228794.811107
-0.093501 -0.390701 0.750000 0.000000 0.000000 -0.035277 1757228795.797990
-0.124460 -0.389708 0.750000 0.000000 0.000000 -0.021865 1757228796.807989
-0.124460 -0.389708 0.750000 0.000000 0.000000 -0.021338 1757228797.787987
-0.124460 -0.389708 0.750000 0.000000 0.000000 -0.021318 1757228798.782990
-0.124460 -0.389708 0.750000 0.000000 0.000000 -0.021317 1757228799.797988
0.054161 -0.450063 0.750000 0.000000 0.000000 -0.378702 1757228800.810753
0.364888 -0.606935 0.750000 0.000000 0.000000 -0.531652 1757228801.767904
0.410376 -0.634182 0.750000 0.000000 0.000000 -0.556548 1757228802.791969
0.410376 -0.634182 0.750000 0.000000 0.000000 -0.557687 1757228803.809834
0.410376 -0.634182 0.750000 0.000000 0.000000 -0.557729 1757228804.794832
0.410376 -0.634182 0.750000 0.000000 0.000000 -0.557729 1757228805.809833
0.410376 -0.634182 0.750000 0.000000 0.000000 -0.727149 1757228806.764831
0.631369 -0.905701 0.750000 0.000000 0.000000 -0.943824 1757228807.809833
0.708070 -1.015509 0.750000 0.000000 0.000000 -0.982670 1757228808.775764
0.708070 -1.015509 0.750000 0.000000 0.000000 -0.985561 1757228809.785053
0.708070 -1.015509 0.750000 0.000000 0.000000 -0.985675 1757228810.780053
0.708070 -1.015509 0.750000 0.000000 0.000000 -0.985678 1757228811.790055
0.708070 -1.015509 0.750000 0.000000 0.000000 -0.985678 1757228812.812129
0.734732 -1.099728 0.750000 0.000000 0.000000 -1.287456 1757228813.798977
0.790625 -1.489131 0.750000 0.000000 0.000000 -1.533836 1757228814.812993
0.793846 -1.669767 0.750000 0.000000 0.000000 -1.573303 1757228815.799988
0.793846 -1.669767 0.750000 0.000000 0.000000 -1.576693 1757228816.789060
0.793846 -1.669767 0.750000 0.000000 0.000000 -1.576842 1757228817.798998
0.793846 -1.669767 0.750000 0.000000 0.000000 -1.576844 1757228818.780681
0.793575 -1.714541 0.750000 0.000000 0.000000 -1.576844 1757228819.775679
0.790871 -2.161759 0.750000 0.000000 0.000000 -1.576844 1757228820.800679
0.790471 -2.227831 0.750000 0.000000 0.000000 -1.576846 1757228821.786091
0.790471 -2.227831 0.750000 0.000000 0.000000 -1.576846 1757228822.776096
0.790471 -2.227831 0.750000 0.000000 0.000000 -1.576846 1757228823.779819
0.790471 -2.227831 0.750000 0.000000 0.000000 -1.576846 1757228824.774822
0.790471 -2.227831 0.750000 0.000000 0.000000 -1.576846 1757228825.774827
0.766406 -2.475229 0.750000 0.000000 0.000000 -1.700699 1757228826.801975
0.699570 -2.840798 0.750000 0.000000 0.000000 -1.797115 1757228827.767972
0.689945 -2.881758 0.750000 0.000000 0.000000 -1.812487 1757228828.832970
0.689945 -2.881758 0.750000 0.000000 0.000000 -1.813009 1757228829.809983
0.689945 -2.881758 0.750000 0.000000 0.000000 -1.813028 1757228830.799983
0.689945 -2.881758 0.750000 0.000000 0.000000 -1.813028 1757228831.776539
0.689945 -2.881758 0.750000 0.000000 0.000000 -1.813028 1757228832.774032
0.611669 -3.198554 0.750000 0.000000 0.000000 -1.813028 1757228833.801793
0.535804 -3.505595 0.750000 0.000000 0.000000 -1.813021 1757228834.792019
0.532170 -3.520304 0.750000 0.000000 0.000000 -1.813023 1757228835.789538
0.532170 -3.520304 0.750000 0.000000 0.000000 -1.813023 1757228836.797632
0.532170 -3.520304 0.750000 0.000000 0.000000 -1.813023 1757228837.800905
0.532170 -3.520304 0.750000 0.000000 0.000000 -1.813023 1757228838.809966
0.532170 -3.520304 0.750000 0.000000 0.000000 -1.813023 1757228839.795007
0.436014 -3.909479 0.750000 0.000000 0.000000 -1.813023 1757228840.795297
0.401780 -4.048040 0.750000 0.000000 0.000000 -1.813033 1757228841.795303
0.401780 -4.048040 0.750000 0.000000 0.000000 -1.813033 1757228842.790298
0.401780 -4.048040 0.750000 0.000000 0.000000 -1.813033 1757228843.790311
0.401780 -4.048040 0.750000 0.000000 0.000000 -1.813033 1757228844.800298
0.401780 -4.048040 0.750000 0.000000 0.000000 -1.813033 1757228845.775300
0.400138 -4.055050 0.750000 0.000000 0.000000 -1.794195 1757228846.773992
0.353231 -4.327425 0.750000 0.000000 0.000000 -1.707512 1757228847.778154
0.349969 -4.351581 0.750000 0.000000 0.000000 -1.695638 1757228848.788156
0.349969 -4.351581 0.750000 0.000000 0.000000 -1.695183 1757228849.778158
0.349969 -4.351581 0.750000 0.000000 0.000000 -1.695169 1757228850.778155
0.349969 -4.351581 0.750000 0.000000 0.000000 -1.695169 1757228851.778156
0.349969 -4.351581 0.750000 0.000000 0.000000 -1.695169 1757228852.778154
0.349969 -4.351581 0.750000 0.000000 0.000000 -1.482133 1757228853.786971
0.441999 -4.745320 0.750000 0.000000 0.000000 -1.252508 1757228854.791970
0.489821 -4.879143 0.750000 0.000000 0.000000 -1.198202 1757228855.801063
0.489821 -4.879143 0.750000 0.000000 0.000000 -1.193762 1757228856.802801
0.489821 -4.879143 0.750000 0.000000 0.000000 -1.193601 1757228857.807801
0.489821 -4.879143 0.750000 0.000000 0.000000 -1.193599 1757228858.812973
0.489821 -4.879143 0.750000 0.000000 0.000000 -1.193599 1757228859.782979
0.556953 -5.017846 0.750000 0.000000 0.000000 -1.094684 1757228860.787975
0.786270 -5.402696 0.750000 0.000000 0.000000 -0.974369 1757228861.782973
0.819701 -5.451249 0.750000 0.000000 0.000000 -0.954865 1757228862.801515
0.819701 -5.451249 0.750000 0.000000 0.000000 -0.953971 1757228863.791559
0.819701 -5.451249 0.750000 0.000000 0.000000 -0.953938 1757228864.786515
0.819701 -5.451249 0.750000 0.000000 0.000000 -0.953938 1757228865.791517
0.819701 -5.451249 0.750000 0.000000 0.000000 -0.922522 1757228866.783985
0.930069 -5.498330 0.750000 0.000000 0.000000 -0.390449 1757228867.773994
1.357012 -5.682079 0.750000 0.000000 0.000000 -0.431225 1757228868.769985
1.426466 -5.714327 0.750000 0.000000 0.000000 -0.440577 1757228869.800961
1.426466 -5.714327 0.750000 0.000000 0.000000 -0.441010 1757228870.798218
1.426466 -5.714327 0.750000 0.000000 0.000000 -0.441026 1757228871.801984
1.426466 -5.714327 0.750000 0.000000 0.000000 -0.441026 1757228872.806995
1.435227 -5.724499 0.750000 0.000000 0.000000 -0.869724 1757228873.807523
1.626400 -6.020621 0.750000 0.000000 0.000000 -1.133021 1757228874.771984
1.740880 -6.288267 0.750000 0.000000 0.000000 -1.196450 1757228875.771985
1.743508 -6.294970 0.750000 0.000000 0.000000 -1.203928 1757228876.781984
1.743508 -6.294970 0.750000 0.000000 0.000000 -1.204198 1757228877.787991
1.743508 -6.294970 0.750000 0.000000 0.000000 -1.204204 1757228878.792991
1.743508 -6.294970 0.750000 0.000000 0.000000 -1.204204 1757228879.792997
1.791120 -6.612969 0.750000 0.000000 0.000000 -1.499188 1757228880.790976
1.790940 -6.940022 0.750000 0.000000 0.000000 -1.634217 1757228881.806127
1.790113 -6.952599 0.750000 0.000000 0.000000 -1.649918 1757228882.806129
1.790113 -6.952599 0.750000 0.000000 0.000000 -1.650510 1757228883.806129
1.790113 -6.952599 0.750000 0.000000 0.000000 -1.650530 1757228884.796127
1.790113 -6.952599 0.750000 0.000000 0.000000 -1.650530 1757228885.786130
1.770746 -7.028689 0.750000 0.000000 0.000000 -1.839999 1757228886.791097
1.592568 -7.483890 0.750000 0.000000 0.000000 -2.050829 1757228887.786129
1.549135 -7.564078 0.750000 0.000000 0.000000 -2.092501 1757228888.786128
1.549135 -7.564078 0.750000 0.000000 0.000000 -2.094723 1757228889.771104
1.549135 -7.564078 0.750000 0.000000 0.000000 -2.094805 1757228890.808631
1.549135 -7.564078 0.750000 0.000000 0.000000 -2.094805 1757228891.806127
1.533024 -7.586117 0.750000 0.000000 0.000000 -2.214257 1757228892.781996
1.436355 -7.705148 0.750000 0.000000 0.000000 -2.296790 1757228893.792458
1.436355 -7.705148 0.750000 0.000000 0.000000 -2.303078 1757228894.818151
1.436355 -7.705148 0.750000 0.000000 0.000000 -2.303289 1757228895.792455
1.436355 -7.705148 0.750000 0.000000 0.000000 -2.303289 1757228896.799576
1.436355 -7.705148 0.750000 0.000000 0.000000 -2.303289 1757228897.814580
1.436355 -7.705148 0.750000 0.000000 0.000000 -2.303289 1757228898.786708
1.352551 -7.781713 0.750000 0.000000 0.000000 -2.453680 1757228899.786763
1.352551 -7.781713 0.750000 0.000000 0.000000 -2.467086 1757228900.797160
1.352551 -7.781713 0.750000 0.000000 0.000000 -2.467726 1757228901.787156
1.352551 -7.781713 0.750000 0.000000 0.000000 -2.467745 1757228902.776050
1.352551 -7.781713 0.750000 0.000000 0.000000 -2.467745 1757228903.776044
1.352551 -7.781713 0.750000 0.000000 0.000000 -2.467745 1757228904.808543
1.443183 -7.691353 0.750000 0.000000 0.000000 -2.314879 1757228905.798548
1.443640 -7.690856 0.750000 0.000000 0.000000 -2.293698 1757228906.824002
1.443640 -7.690856 0.750000 0.000000 0.000000 -2.292941 1757228907.794004
1.443640 -7.690856 0.750000 0.000000 0.000000 -2.292917 1757228908.787119
1.443640 -7.690856 0.750000 0.000000 0.000000 -2.292917 1757228909.797120
1.443640 -7.690856 0.750000 0.000000 0.000000 -2.292917 1757228910.802121
1.441013 -7.693532 0.750000 0.000000 0.000000 -2.352051 1757228911.794077
1.359866 -7.768461 0.750000 0.000000 0.000000 -2.447021 1757228912.792901
1.359866 -7.768461 0.750000 0.000000 0.000000 -2.453119 1757228913.768962
1.359866 -7.768461 0.750000 0.000000 0.000000 -2.453406 1757228914.811975
1.359866 -7.768461 0.750000 0.000000 0.000000 -2.453409 1757228915.811975
1.359866 -7.768461 0.750000 0.000000 0.000000 -2.453409 1757228916.781977
1.359866 -7.768461 0.750000 0.000000 0.000000 -2.453409 1757228917.791975
1.437755 -7.690479 0.750000 0.000000 0.000000 -2.310104 1757228918.811995
1.437755 -7.690479 0.750000 0.000000 0.000000 -2.291821 1757228919.776994
1.437755 -7.690479 0.750000 0.000000 0.000000 -2.291092 1757228920.801995
1.437755 -7.690479 0.750000 0.000000 0.000000 -2.291074 1757228921.786999
1.437755 -7.690479 0.750000 0.000000 0.000000 -2.291074 1757228922.781994
1.437755 -7.690479 0.750000 0.000000 0.000000 -2.291074 1757228923.776995
1.377803 -7.747891 0.750000 0.000000 0.000000 -2.407769 1757228924.786998
1.362499 -7.761494 0.750000 0.000000 0.000000 -2.444287 1757228925.787001
1.362499 -7.761494 0.750000 0.000000 0.000000 -2.445642 1757228926.781995
1.362499 -7.761494 0.750000 0.000000 0.000000 -2.445685 1757228927.781996
1.362499 -7.761494 0.750000 0.000000 0.000000 -2.445685 1757228928.791995
1.362499 -7.761494 0.750000 0.000000 0.000000 -2.445685 1757228929.808993
1.362499 -7.761494 0.750000 0.000000 0.000000 -2.445685 1757228930.807036
1.439148 -7.683228 0.750000 0.000000 0.000000 -2.305102 1757228931.802213
1.439148 -7.683228 0.750000 0.000000 0.000000 -2.287036 1757228932.777042
1.439148 -7.683228 0.750000 0.000000 0.000000 -2.286311 1757228933.780188
1.439148 -7.683228 0.750000 0.000000 0.000000 -2.286290 1757228934.790190
1.439148 -7.683228 0.750000 0.000000 0.000000 -2.286290 1757228935.800968
1.439148 -7.683228 0.750000 0.000000 0.000000 -2.286290 1757228936.804285
1.305291 -7.814681 0.750000 0.000000 0.000000 -2.393272 1757228937.809972
0.979947 -8.082997 0.750000 0.000000 0.000000 -2.507116 1757228938.789965
0.935110 -8.115578 0.750000 0.000000 0.000000 -2.525367 1757228939.771009
0.935110 -8.115578 0.750000 0.000000 0.000000 -2.526292 1757228940.796423
0.935110 -8.115578 0.750000 0.000000 0.000000 -2.526317 1757228941.801421
0.935110 -8.115578 0.750000 0.000000 0.000000 -2.526317 1757228942.811419
0.935110 -8.115578 0.750000 0.000000 0.000000 -2.749263 1757228943.807976
0.573957 -8.218789 0.750000 0.000000 0.000000 -2.923706 1757228944.812969
0.455234 -8.243143 0.750000 0.000000 0.000000 -2.959180 1757228945.805983
0.455234 -8.243143 0.750000 0.000000 0.000000 -2.961628 1757228946.770980
0.455234 -8.243143 0.750000 0.000000 0.000000 -2.961725 1757228947.787170
0.455234 -8.243143 0.750000 0.000000 0.000000 -2.961725 1757228948.782183
0.455234 -8.243143 0.750000 0.000000 0.000000 -2.968040 1757228949.802185
0.157913 -8.236251 0.750000 0.000000 -0.000000 3.077025 1757228950.788708
-0.017706 -8.221473 0.750000 0.000000 -0.000000 3.036150 1757228951.803711
-0.017706 -8.221473 0.750000 0.000000 -0.000000 3.033061 1757228952.798714
-0.017706 -8.221473 0.750000 0.000000 -0.000000 3.032951 1757228953.783327
-0.017706 -8.221473 0.750000 0.000000 -0.000000 3.032951 1757228954.778709
-0.017706 -8.221473 0.750000 0.000000 -0.000000 3.032951 1757228955.778706
-0.320574 -8.160283 0.750000 0.000000 -0.000000 2.908353 1757228956.783705
-0.455175 -8.126620 0.750000 0.000000 -0.000000 2.881830 1757228957.798008
-0.455175 -8.126620 0.750000 0.000000 -0.000000 2.880086 1757228958.808200
-0.455175 -8.126620 0.750000 0.000000 -0.000000 2.880033 1757228959.798009
-0.455175 -8.126620 0.750000 0.000000 -0.000000 2.880033 1757228960.798013
-0.455175 -8.126620 0.750000 0.000000 -0.000000 2.880033 1757228961.778013
-0.487260 -8.116157 0.750000 0.000000 -0.000000 2.810850 1757228962.803009
-0.529953 -8.100579 0.750000 0.000000 -0.000000 2.745043 1757228963.808007
-0.529953 -8.100579 0.750000 0.000000 -0.000000 2.742230 1757228964.773007
-0.529953 -8.100579 0.750000 0.000000 -0.000000 2.742121 1757228965.783007
-0.529953 -8.100579 0.750000 0.000000 -0.000000 2.742121 1757228966.793006
-0.529953 -8.100579 0.750000 0.000000 -0.000000 2.742121 1757228967.780570
-0.529953 -8.100579 0.750000 0.000000 -0.000000 2.742121 1757228968.775574
-0.529953 -8.100579 0.750000 0.000000 -0.000000 2.742121 1757228969.780570
-0.529953 -8.100579 0.750000 0.000000 -0.000000 2.742121 1757228970.795576
-0.529953 -8.100579 0.750000 0.000000 -0.000000 2.742121 1757228971.800571
-0.529953 -8.100579 0.750000 0.000000 -0.000000 2.742121 1757228972.810570
-0.529953 -8.100579 0.750000 0.000000 -0.000000 2.742121 1757228973.805572
-0.529953 -8.100579 0.750000 0.000000 -0.000000 2.742121 1757228974.770573
-0.529953 -8.100579 0.750000 0.000000 -0.000000 2.742121 1757228975.808069
-0.529953 -8.100579 0.750000 0.000000 -0.000000 2.742121 1757228976.775021
-0.529953 -8.100579 0.750000 0.000000 -0.000000 2.742121 1757228977.769478
-0.529953 -8.100579 0.750000 0.000000 -0.000000 2.742121 1757228978.759284
-0.529953 -8.100579 0.750000 0.000000 -0.000000 2.742121 1757228979.776698
-0.529953 -8.100579 0.750000 0.000000 -0.000000 2.742121 1757228980.776685
-0.529953 -8.100579 0.750000 0.000000 -0.000000 2.742121 1757228981.806683
-0.529953 -8.100579 0.750000 0.000000 -0.000000 2.742121 1757228982.808010
-0.529953 -8.100579 0.750000 0.000000 -0.000000 2.742121 1757228983.788004
-0.529953 -8.100579 0.750000 0.000000 -0.000000 2.742121 1757228984.783767
-0.529953 -8.100579 0.750000 0.000000 -0.000000 2.742121 1757228985.768763
-0.529953 -8.100579 0.750000 0.000000 -0.000000 2.742121 1757228986.808768
-0.529953 -8.100579 0.750000 0.000000 -0.000000 2.742121 1757228987.808774
-0.780285 -7.994895 0.750000 0.000000 -0.000000 2.742124 1757228988.773779
-1.018270 -7.844210 0.750000 0.000000 -0.000000 2.481764 1757228989.778775
-1.299638 -7.584837 0.750000 0.000000 -0.000000 2.320832 1757228990.773417
-1.328257 -7.553689 0.750000 0.000000 -0.000000 2.296541 1757228991.778416
-1.328257 -7.553689 0.750000 0.000000 -0.000000 2.295537 1757228992.794710
-1.328257 -7.553689 0.750000 0.000000 -0.000000 2.295505 1757228993.807022
-1.328257 -7.553689 0.750000 0.000000 -0.000000 2.295505 1757228994.811994
-1.391639 -7.475318 0.750000 0.000000 -0.000000 2.234567 1757228995.771993
-1.507791 -7.319453 0.750000 0.000000 -0.000000 2.187918 1757228996.776998
-1.507791 -7.319453 0.750000 0.000000 -0.000000 2.183932 1757228997.786995
-1.507791 -7.319453 0.750000 0.000000 -0.000000 2.183794 1757228998.791997
-1.507791 -7.319453 0.750000 0.000000 -0.000000 2.183794 1757228999.811993
-1.507791 -7.319453 0.750000 0.000000 -0.000000 2.183794 1757229000.806993
-1.507791 -7.319453 0.750000 0.000000 -0.000000 2.183794 1757229001.811994
-1.507791 -7.319453 0.750000 0.000000 -0.000000 2.183794 1757229002.803202
-1.507791 -7.319453 0.750000 0.000000 -0.000000 2.183794 1757229003.798318
-1.507791 -7.319453 0.750000 0.000000 -0.000000 2.183794 1757229004.802110
-1.507791 -7.319453 0.750000 0.000000 -0.000000 2.183794 1757229005.808653
-1.692211 -7.057262 0.750000 0.000000 -0.000000 2.183800 1757229006.760171
-1.738383 -6.991625 0.750000 0.000000 -0.000000 2.183793 1757229007.788002
-1.737822 -6.992424 0.750000 0.000000 -0.000000 2.183793 1757229008.788002
-1.460805 -7.386259 0.750000 0.000000 -0.000000 2.183793 1757229009.778006
-1.358150 -7.532196 0.750000 0.000000 -0.000000 2.183784 1757229010.786998
-1.358150 -7.532196 0.750000 0.000000 -0.000000 2.183782 1757229011.781990
-1.358150 -7.532196 0.750000 0.000000 -0.000000 2.183782 1757229012.781988
-1.358150 -7.532196 0.750000 0.000000 -0.000000 2.183782 1757229013.772631
-1.358150 -7.532196 0.750000 0.000000 -0.000000 2.183782 1757229014.811991
-1.354620 -7.536860 0.750000 0.000000 -0.000000 2.224569 1757229015.781992
-1.019821 -7.903790 0.750000 0.000000 -0.000000 2.376928 1757229016.771990
-0.902971 -8.011720 0.750000 0.000000 -0.000000 2.417578 1757229017.806992
-0.902971 -8.011720 0.750000 0.000000 -0.000000 2.420218 1757229018.778004
-0.902971 -8.011720 0.750000 0.000000 -0.000000 2.420333 1757229019.778004
-0.902971 -8.011720 0.750000 0.000000 -0.000000 2.420333 1757229020.788000
-0.902971 -8.011720 0.750000 0.000000 -0.000000 2.420333 1757229021.788000
-0.763153 -8.082360 0.750000 0.000000 -0.000000 2.695771 1757229022.799170
-0.569957 -8.169490 0.750000 0.000000 -0.000000 2.739570 1757229023.809374
-0.569957 -8.169490 0.750000 0.000000 -0.000000 2.743359 1757229024.764302
-0.569957 -8.169490 0.750000 0.000000 -0.000000 2.743518 1757229025.809002
-0.569957 -8.169490 0.750000 0.000000 -0.000000 2.743518 1757229026.810422
-0.569957 -8.169490 0.750000 0.000000 -0.000000 2.743518 1757229027.810428
-0.565033 -8.171082 0.750000 0.000000 -0.000000 2.834446 1757229028.810424
-0.416261 -8.210620 0.750000 0.000000 -0.000000 2.925495 1757229029.806425
-0.416261 -8.210620 0.750000 0.000000 -0.000000 2.932780 1757229030.806425
-0.416261 -8.210620 0.750000 0.000000 -0.000000 2.933031 1757229031.795979
-0.416261 -8.210620 0.750000 0.000000 -0.000000 2.933034 1757229032.785980
-0.416261 -8.210620 0.750000 0.000000 -0.000000 2.933034 1757229033.778878
-0.416261 -8.210620 0.750000 0.000000 -0.000000 2.933034 1757229034.783879
-0.116906 -8.244325 0.750000 0.000000 -0.000000 3.071224 1757229035.810211
0.213790 -8.252452 0.750000 0.000000 0.000000 -3.125254 1757229036.768531
0.244984 -8.251843 0.750000 0.000000 0.000000 -3.112073 1757229037.798527
0.244984 -8.251843 0.750000 0.000000 0.000000 -3.111641 1757229038.778529
0.244984 -8.251843 0.750000 0.000000 0.000000 -3.111631 1757229039.778528
0.244984 -8.251843 0.750000 0.000000 0.000000 -3.111631 1757229040.781987
0.244984 -8.251843 0.750000 0.000000 0.000000 -3.111631 1757229041.787172
0.502826 -8.192994 0.750000 0.000000 0.000000 -2.890012 1757229042.791986
0.657542 -8.151160 0.750000 0.000000 0.000000 -2.863346 1757229043.805982
0.657542 -8.151160 0.750000 0.000000 0.000000 -2.861276 1757229044.770633
0.657542 -8.151160 0.750000 0.000000 0.000000 -2.861194 1757229045.772906
0.657542 -8.151160 0.750000 0.000000 0.000000 -2.861194 1757229046.787021
0.657542 -8.151160 0.750000 0.000000 0.000000 -2.861194 1757229047.807570
0.719664 -8.128023 0.750000 0.000000 0.000000 -2.758996 1757229048.807569
0.750270 -8.115290 0.750000 0.000000 0.000000 -2.712803 1757229049.772567
0.750270 -8.115290 0.750000 0.000000 0.000000 -2.710647 1757229050.782572
0.750270 -8.115290 0.750000 0.000000 0.000000 -2.710577 1757229051.787567
0.750270 -8.115290 0.750000 0.000000 0.000000 -2.710577 1757229052.772567
0.750270 -8.115290 0.750000 0.000000 0.000000 -2.710577 1757229053.810261
0.749581 -8.115585 0.750000 0.000000 0.000000 -2.737588 1757229054.774004
0.681320 -8.141353 0.750000 0.000000 0.000000 -2.837001 1757229055.804265
0.681320 -8.141353 0.750000 0.000000 0.000000 -2.841547 1757229056.774004
0.681320 -8.141353 0.750000 0.000000 0.000000 -2.841716 1757229057.774002
0.681320 -8.141353 0.750000 0.000000 0.000000 -2.841716 1757229058.803982
0.681320 -8.141353 0.750000 0.000000 0.000000 -2.841716 1757229059.803980
0.681320 -8.141353 0.750000 0.000000 0.000000 -2.841716 1757229060.771045
0.910324 -8.070544 0.750000 0.000000 0.000000 -2.841716 1757229061.764361
1.166555 -7.991332 0.750000 0.000000 0.000000 -2.841642 1757229062.806029
1.166555 -7.991332 0.750000 0.000000 0.000000 -2.841578 1757229063.777281
1.166555 -7.991332 0.750000 0.000000 0.000000 -2.841578 1757229064.808992
1.166555 -7.991332 0.750000 0.000000 0.000000 -2.841578 1757229065.805970
1.166555 -7.991332 0.750000 0.000000 0.000000 -2.841578 1757229066.810475
1.193373 -7.990065 0.750000 0.000000 0.000000 -3.107773 1757229067.770483
1.573115 -8.003624 0.750000 0.000000 -0.000000 3.056444 1757229068.771008
1.632416 -8.009061 0.750000 0.000000 -0.000000 3.037799 1757229069.806008
1.632416 -8.009061 0.750000 0.000000 -0.000000 3.037018 1757229070.796004
1.632416 -8.009061 0.750000 0.000000 -0.000000 3.036993 1757229071.796926
1.632416 -8.009061 0.750000 0.000000 -0.000000 3.036993 1757229072.765990
1.632416 -8.009061 0.750000 0.000000 -0.000000 2.977698 1757229073.785993
1.827761 -8.067941 0.750000 0.000000 -0.000000 2.814459 1757229074.775984
1.864269 -8.080549 0.750000 0.000000 -0.000000 2.794851 1757229075.770986
1.864269 -8.080549 0.750000 0.000000 -0.000000 2.793991 1757229076.810988
1.864269 -8.080549 0.750000 0.000000 -0.000000 2.793969 1757229077.811024
1.864269 -8.080549 0.750000 0.000000 -0.000000 2.793969 1757229078.775985
1.864269 -8.080549 0.750000 0.000000 -0.000000 2.793969 1757229079.788091
1.688551 -8.055490 0.750000 0.000000 -0.000000 3.026445 1757229080.808091
1.589553 -8.045278 0.750000 0.000000 -0.000000 3.056468 1757229081.778096
1.589553 -8.045278 0.750000 0.000000 -0.000000 3.058372 1757229082.778094
1.589553 -8.045278 0.750000 0.000000 -0.000000 3.058439 1757229083.808122
1.589553 -8.045278 0.750000 0.000000 -0.000000 3.058439 1757229084.783094
1.589553 -8.045278 0.750000 0.000000 -0.000000 3.058439 1757229085.783097
1.705423 -8.072744 0.750000 0.000000 -0.000000 2.882029 1757229086.770073
1.785956 -8.095545 0.750000 0.000000 -0.000000 2.839936 1757229087.770075
1.785956 -8.095545 0.750000 0.000000 -0.000000 2.837772 1757229088.785074
1.785956 -8.095545 0.750000 0.000000 -0.000000 2.837707 1757229089.767986
1.785956 -8.095545 0.750000 0.000000 -0.000000 2.837707 1757229090.767990
1.785956 -8.095545 0.750000 0.000000 -0.000000 2.837707 1757229091.807989
1.784780 -8.095306 0.750000 0.000000 -0.000000 2.945809 1757229092.807987
1.577088 -8.067982 0.750000 0.000000 -0.000000 3.051147 1757229093.777987
1.575444 -8.067835 0.750000 0.000000 -0.000000 3.063259 1757229094.797989
1.575444 -8.067835 0.750000 0.000000 -0.000000 3.063671 1757229095.787991
1.575444 -8.067835 0.750000 0.000000 -0.000000 3.063679 1757229096.777997
1.575444 -8.067835 0.750000 0.000000 -0.000000 3.063679 1757229097.787988
1.575444 -8.067835 0.750000 0.000000 -0.000000 3.028818 1757229098.777988
1.746792 -8.107547 0.750000 0.000000 -0.000000 2.873070 1757229099.773971
1.750623 -8.108605 0.750000 0.000000 -0.000000 2.857066 1757229100.767981
1.750623 -8.108605 0.750000 0.000000 -0.000000 2.856397 1757229101.757989
1.750623 -8.108605 0.750000 0.000000 -0.000000 2.856374 1757229102.763986
1.750623 -8.108605 0.750000 0.000000 -0.000000 2.856374 1757229103.788978
1.750623 -8.108605 0.750000 0.000000 -0.000000 2.856374 1757229104.806969
1.726853 -8.104342 0.750000 0.000000 -0.000000 2.976262 1757229105.772006
1.573420 -8.084646 0.750000 0.000000 -0.000000 3.057295 1757229106.808979
1.573420 -8.084646 0.750000 0.000000 -0.000000 3.062670 1757229107.771985
1.573420 -8.084646 0.750000 0.000000 -0.000000 3.062888 1757229108.803216
1.573420 -8.084646 0.750000 0.000000 -0.000000 3.062888 1757229109.784908
1.573420 -8.084646 0.750000 0.000000 -0.000000 3.062888 1757229110.810017
1.573420 -8.084646 0.750000 0.000000 -0.000000 3.041547 1757229111.811585
1.731650 -8.119866 0.750000 0.000000 -0.000000 2.883984 1757229112.795012
1.733246 -8.120286 0.750000 0.000000 -0.000000 2.868241 1757229113.800015
1.733246 -8.120286 0.750000 0.000000 -0.000000 2.867680 1757229114.806017
1.733246 -8.120286 0.750000 0.000000 -0.000000 2.867666 1757229115.804008
1.733246 -8.120286 0.750000 0.000000 -0.000000 2.867666 1757229116.814009
1.733246 -8.120286 0.750000 0.000000 -0.000000 2.867666 1757229117.778171
1.675164 -8.110686 0.750000 0.000000 -0.000000 2.996197 1757229118.770010
1.572030 -8.098410 0.750000 0.000000 -0.000000 3.061611 1757229119.800012
1.572030 -8.098410 0.750000 0.000000 -0.000000 3.065023 1757229120.799059
1.572030 -8.098410 0.750000 0.000000 -0.000000 3.065149 1757229121.809054
1.572030 -8.098410 0.750000 0.000000 -0.000000 3.065149 1757229122.814723
1.572030 -8.098410 0.750000 0.000000 -0.000000 3.065149 1757229123.812922
1.572995 -8.098545 0.750000 0.000000 -0.000000 2.999291 1757229124.799050
1.718853 -8.128862 0.750000 0.000000 -0.000000 2.885247 1757229125.814052
1.718853 -8.128862 0.750000 0.000000 -0.000000 2.876890 1757229126.794051
1.718853 -8.128862 0.750000 0.000000 -0.000000 2.876557 1757229127.809053
1.718853 -8.128862 0.750000 0.000000 -0.000000 2.876553 1757229128.808927
1.718853 -8.128862 0.750000 0.000000 -0.000000 2.876553 1757229129.801205
1.718853 -8.128862 0.750000 0.000000 -0.000000 2.876553 1757229130.771128
1.687887 -8.123519 0.750000 0.000000 -0.000000 2.983116 1757229131.771128
1.569602 -8.108534 0.750000 0.000000 -0.000000 3.058067 1757229132.781660
1.569602 -8.108534 0.750000 0.000000 -0.000000 3.062748 1757229133.783972
1.569602 -8.108534 0.750000 0.000000 -0.000000 3.062917 1757229134.806983
1.569602 -8.108534 0.750000 0.000000 -0.000000 3.062917 1757229135.773958
1.569602 -8.108534 0.750000 0.000000 -0.000000 3.062917 1757229136.784918
1.569602 -8.108534 0.750000 0.000000 -0.000000 3.029041 1757229137.787985
1.711909 -8.137910 0.750000 0.000000 -0.000000 2.894759 1757229138.796054
1.711909 -8.137910 0.750000 0.000000 -0.000000 2.882026 1757229139.786056
1.711909 -8.137910 0.750000 0.000000 -0.000000 2.881563 1757229140.794244
1.711909 -8.137910 0.750000 0.000000 -0.000000 2.881552 1757229141.812995
1.711909 -8.137910 0.750000 0.000000 -0.000000 2.881552 1757229142.784975
1.711909 -8.137910 0.750000 0.000000 -0.000000 2.881552 1757229143.771025
1.677957 -8.131800 0.750000 0.000000 -0.000000 2.978298 1757229144.775990
1.577144 -8.118518 0.750000 0.000000 -0.000000 3.055479 1757229145.785990
1.577144 -8.118518 0.750000 0.000000 -0.000000 3.059871 1757229146.785990
1.577144 -8.118518 0.750000 0.000000 -0.000000 3.060030 1757229147.810990
1.577144 -8.118518 0.750000 0.000000 -0.000000 3.060030 1757229148.805991
1.577144 -8.118518 0.750000 0.000000 -0.000000 3.060030 1757229149.810990
1.577144 -8.118518 0.750000 0.000000 -0.000000 3.060030 1757229150.810992
1.668662 -8.135374 0.750000 0.000000 -0.000000 2.929205 1757229151.770990
1.698659 -8.142137 0.750000 0.000000 -0.000000 2.890398 1757229152.807155
1.698659 -8.142137 0.750000 0.000000 -0.000000 2.888798 1757229153.797982
1.698659 -8.142137 0.750000 0.000000 -0.000000 2.888740 1757229154.798006
1.698659 -8.142137 0.750000 0.000000 -0.000000 2.888740 1757229155.797979
1.698659 -8.142137 0.750000 0.000000 -0.000000 2.888740 1757229156.787978
1.698659 -8.142137 0.750000 0.000000 -0.000000 2.888740 1757229157.788067
1.573141 -8.124249 0.750000 0.000000 -0.000000 3.042983 1757229158.787978
1.573141 -8.124249 0.750000 0.000000 -0.000000 3.060148 1757229159.782977
1.573141 -8.124249 0.750000 0.000000 -0.000000 3.060787 1757229160.789979
1.573141 -8.124249 0.750000 0.000000 -0.000000 3.060802 1757229161.783031
1.573141 -8.124249 0.750000 0.000000 -0.000000 3.060802 1757229162.766978
1.573141 -8.124249 0.750000 0.000000 -0.000000 3.060802 1757229163.780067
1.647749 -8.137732 0.750000 0.000000 -0.000000 2.939175 1757229164.786811
1.698137 -8.148837 0.750000 0.000000 -0.000000 2.893617 1757229165.784146
1.698137 -8.148837 0.750000 0.000000 -0.000000 2.891430 1757229166.788908
1.698137 -8.148837 0.750000 0.000000 -0.000000 2.891344 1757229167.799480
1.698137 -8.148837 0.750000 0.000000 -0.000000 2.891344 1757229168.792924
1.698137 -8.148837 0.750000 0.000000 -0.000000 2.891344 1757229169.754035
1.684635 -8.146375 0.750000 0.000000 -0.000000 2.969907 1757229170.774979
1.576176 -8.131458 0.750000 0.000000 -0.000000 3.051453 1757229171.794978
1.576176 -8.131458 0.750000 0.000000 -0.000000 3.056066 1757229172.789977
1.576176 -8.131458 0.750000 0.000000 -0.000000 3.056237 1757229173.764978
1.576176 -8.131458 0.750000 0.000000 -0.000000 3.056237 1757229174.794985
1.576176 -8.131458 0.750000 0.000000 -0.000000 3.056237 1757229175.794975
1.576176 -8.131458 0.750000 0.000000 -0.000000 3.056237 1757229176.788136
1.694611 -8.154407 0.750000 0.000000 -0.000000 2.910062 1757229177.778633
1.695706 -8.154665 0.750000 0.000000 -0.000000 2.889808 1757229178.786338
1.695706 -8.154665 0.750000 0.000000 -0.000000 2.889112 1757229179.792928
1.695706 -8.154665 0.750000 0.000000 -0.000000 2.889091 1757229180.786340
1.695706 -8.154665 0.750000 0.000000 -0.000000 2.889091 1757229181.776338
1.695706 -8.154665 0.750000 0.000000 -0.000000 2.889091 1757229182.771337
1.695706 -8.154665 0.750000 0.000000 -0.000000 2.898633 1757229183.771337
1.585743 -8.137669 0.750000 0.000000 -0.000000 3.040279 1757229184.789671
1.585743 -8.137669 0.750000 0.000000 -0.000000 3.050172 1757229185.783626
1.585743 -8.137669 0.750000 0.000000 -0.000000 3.050532 1757229186.782829
1.585743 -8.137669 0.750000 0.000000 -0.000000 3.050540 1757229187.781979
1.585743 -8.137669 0.750000 0.000000 -0.000000 3.050540 1757229188.795903
1.585743 -8.137669 0.750000 0.000000 -0.000000 3.050540 1757229189.817891
1.685728 -8.156545 0.750000 0.000000 -0.000000 2.919731 1757229190.806222
1.697349 -8.159217 0.750000 0.000000 -0.000000 2.889360 1757229191.798003
1.697349 -8.159217 0.750000 0.000000 -0.000000 2.888121 1757229192.803002
1.697349 -8.159217 0.750000 0.000000 -0.000000 2.888083 1757229193.813004
1.697349 -8.159217 0.750000 0.000000 -0.000000 2.888083 1757229194.778001
1.697349 -8.159217 0.750000 0.000000 -0.000000 2.888083 1757229195.783003
1.695808 -8.158890 0.750000 0.000000 -0.000000 2.937181 1757229196.788005
1.584420 -8.141775 0.750000 0.000000 -0.000000 3.043160 1757229197.778002
1.584420 -8.141775 0.750000 0.000000 -0.000000 3.049967 1757229198.791996
1.584420 -8.141775 0.750000 0.000000 -0.000000 3.050198 1757229199.807042
1.584420 -8.141775 0.750000 0.000000 -0.000000 3.050199 1757229200.802039
1.584420 -8.141775 0.750000 0.000000 -0.000000 3.050199 1757229201.807041
1.584420 -8.141775 0.750000 0.000000 -0.000000 3.050199 1757229202.782039
1.685748 -8.160809 0.750000 0.000000 -0.000000 2.911347 1757229203.799070
1.685748 -8.160809 0.750000 0.000000 -0.000000 2.896605 1757229204.788986
1.685748 -8.160809 0.750000 0.000000 -0.000000 2.896043 1757229205.798980
1.685748 -8.160809 0.750000 0.000000 -0.000000 2.896029 1757229206.804467
1.685748 -8.160809 0.750000 0.000000 -0.000000 2.896029 1757229207.777092
1.685748 -8.160809 0.750000 0.000000 -0.000000 2.896029 1757229208.802093
1.646338 -8.153692 0.750000 0.000000 -0.000000 2.980196 1757229209.792094
1.580213 -8.144627 0.750000 0.000000 -0.000000 3.049648 1757229210.770004
1.580213 -8.144627 0.750000 0.000000 -0.000000 3.053599 1757229211.805007
1.580213 -8.144627 0.750000 0.000000 -0.000000 3.053726 1757229212.795004
1.580213 -8.144627 0.750000 0.000000 -0.000000 3.053726 1757229213.785003
1.580213 -8.144627 0.750000 0.000000 -0.000000 3.053726 1757229214.775001
1.580213 -8.144627 0.750000 0.000000 -0.000000 3.053726 1757229215.810006
1.660378 -8.158513 0.750000 0.000000 -0.000000 2.938944 1757229216.800000
1.685674 -8.163954 0.750000 0.000000 -0.000000 2.897416 1757229217.790005
1.685674 -8.163954 0.750000 0.000000 -0.000000 2.895723 1757229218.780000
1.685674 -8.163954 0.750000 0.000000 -0.000000 2.895664 1757229219.776981
1.685674 -8.163954 0.750000 0.000000 -0.000000 2.895664 1757229220.790001
1.685674 -8.163954 0.750000 0.000000 -0.000000 2.895664 1757229221.785244
1.685674 -8.163954 0.750000 0.000000 -0.000000 2.912067 1757229222.781991
1.581925 -8.147992 0.750000 0.000000 -0.000000 3.043158 1757229223.771984
1.581925 -8.147992 0.750000 0.000000 -0.000000 3.051931 1757229224.771983
1.581925 -8.147992 0.750000 0.000000 -0.000000 3.052237 1757229225.785998
1.581925 -8.147992 0.750000 0.000000 -0.000000 3.052243 1757229226.761999
1.581925 -8.147992 0.750000 0.000000 -0.000000 3.052243 1757229227.773220
1.581925 -8.147992 0.750000 0.000000 -0.000000 3.052243 1757229228.786789
1.653285 -8.160000 0.750000 0.000000 -0.000000 2.946278 1757229229.786789
1.676420 -8.164789 0.750000 0.000000 -0.000000 2.903549 1757229230.771790
1.676420 -8.164789 0.750000 0.000000 -0.000000 2.901782 1757229231.773112
1.676420 -8.164789 0.750000 0.000000 -0.000000 2.901716 1757229232.810333
1.676420 -8.164789 0.750000 0.000000 -0.000000 2.901716 1757229233.773992
1.676420 -8.164789 0.750000 0.000000 -0.000000 2.901716 1757229234.800937
1.676420 -8.164789 0.750000 0.000000 -0.000000 2.901716 1757229235.784435
1.581967 -8.150493 0.750000 0.000000 -0.000000 3.032420 1757229236.811980
1.581967 -8.150493 0.750000 0.000000 -0.000000 3.048171 1757229237.811982
1.581967 -8.150493 0.750000 0.000000 -0.000000 3.048718 1757229238.799108
1.581967 -8.150493 0.750000 0.000000 -0.000000 3.048736 1757229239.803991
1.581967 -8.150493 0.750000 0.000000 -0.000000 3.048736 1757229240.779980
1.581967 -8.150493 0.750000 0.000000 -0.000000 3.048736 1757229241.792020
1.650846 -8.162335 0.750000 0.000000 -0.000000 2.943955 1757229242.787054
1.679025 -8.168276 0.750000 0.000000 -0.000000 2.900024 1757229243.782012
1.679025 -8.168276 0.750000 0.000000 -0.000000 2.898302 1757229244.782023
1.679025 -8.168276 0.750000 0.000000 -0.000000 2.898245 1757229245.812029
1.679025 -8.168276 0.750000 0.000000 -0.000000 2.898245 1757229246.802248
1.679025 -8.168276 0.750000 0.000000 -0.000000 2.898245 1757229247.765730
1.679025 -8.168276 0.750000 0.000000 -0.000000 2.925248 1757229248.807009
1.581756 -8.153074 0.750000 0.000000 -0.000000 3.041050 1757229249.802012
1.581756 -8.153074 0.750000 0.000000 -0.000000 3.048335 1757229250.805993
1.581756 -8.153074 0.750000 0.000000 -0.000000 3.048614 1757229251.790968
1.581756 -8.153074 0.750000 0.000000 -0.000000 3.048620 1757229252.806054
1.581756 -8.153074 0.750000 0.000000 -0.000000 3.048620 1757229253.776047
1.581756 -8.153074 0.750000 0.000000 -0.000000 3.048620 1757229254.786052
1.647403 -8.164243 0.750000 0.000000 -0.000000 2.946595 1757229255.776048
1.681090 -8.171324 0.750000 0.000000 -0.000000 2.898916 1757229256.780950
1.681090 -8.171324 0.750000 0.000000 -0.000000 2.896949 1757229257.805952
1.681090 -8.171324 0.750000 0.000000 -0.000000 2.896889 1757229258.805958
1.681090 -8.171324 0.750000 0.000000 -0.000000 2.896889 1757229259.772598
1.681090 -8.171324 0.750000 0.000000 -0.000000 2.896889 1757229260.787596
1.681090 -8.171324 0.750000 0.000000 -0.000000 2.896889 1757229261.798023
1.584178 -8.155801 0.750000 0.000000 -0.000000 3.029311 1757229262.768023
1.584178 -8.155801 0.750000 0.000000 -0.000000 3.049004 1757229263.807999
1.584178 -8.155801 0.750000 0.000000 -0.000000 3.049706 1757229264.807306
1.584178 -8.155801 0.750000 0.000000 -0.000000 3.049725 1757229265.788539
1.584178 -8.155801 0.750000 0.000000 -0.000000 3.049725 1757229266.798503
1.584178 -8.155801 0.750000 0.000000 -0.000000 3.049725 1757229267.794027
1.584178 -8.155801 0.750000 0.000000 -0.000000 3.049725 1757229268.782017
1.671061 -8.170860 0.750000 0.000000 -0.000000 2.914479 1757229269.767008
1.671061 -8.170860 0.750000 0.000000 -0.000000 2.904985 1757229270.772007
1.671061 -8.170860 0.750000 0.000000 -0.000000 2.904656 1757229271.773394
1.671061 -8.170860 0.750000 0.000000 -0.000000 2.904649 1757229272.757990
1.671061 -8.170860 0.750000 0.000000 -0.000000 2.904649 1757229273.777991
1.671061 -8.170860 0.750000 0.000000 -0.000000 2.904649 1757229274.783007
1.614594 -8.161168 0.750000 0.000000 -0.000000 2.996638 1757229275.778115
